t	Theta Euler	Energy
0.2	0.1
0.4	0.096
0.6	0.08816
0.8	0.0767936
1	0.0623555
1.2	0.0454231
1.4	0.0266738
1.6	0.00685757
1.8	-0.013233
2	-0.0327942
2.2	-0.0510436
2.4	-0.0672514
2.6	-0.080769
2.8	-0.0910559
3	-0.0977006
3.2	-0.100437
3.4	-0.0991563
3.6	-0.0939092
3.8	-0.0849058
4	-0.0725061
4.2	-0.0572061
4.4	-0.0396179
4.6	-0.020445
4.8	-0.000454294
5	0.0195546
5.2	0.0387813
5.4	0.0564567
5.6	0.0718739
5.8	0.0844161
6	0.0935817
6.2	0.099004
6.4	0.100466
6.6	0.0979097
6.8	0.0914368
7	0.0813064
7.2	0.0679238
7.4	0.0518242
7.6	0.0336517
7.8	0.0141331
8	-0.00595083
8.2	-0.0257967
8.4	-0.0446107
8.6	-0.0616403
8.8	-0.0762043
9	-0.0877201
9.2	-0.0957271
9.4	-0.0999051
9.6	-0.100087
9.8	-0.096265
10	-0.0885927
10.2	-0.0773766
10.4	-0.0630655
10.6	-0.0462317
10.8	-0.0275487
11	-0.00776375
11.2	0.0123318
11.4	0.031934
11.6	0.0502589
11.8	0.0665734
12	0.080225
12.2	0.0906676
12.4	0.0974835
12.6	0.1004
12.8	0.0993006
13	0.0942291
13.2	0.0853885
13.4	0.0731323
13.6	0.0579508
13.8	0.0404513
14	0.0213337
14.2	0.00136285
14.4	-0.0186626
14.6	-0.0379415
14.8	-0.0557027
15	-0.0712359
15.2	-0.0839196
15.4	-0.0932465
15.6	-0.0988436
15.8	-0.100487
16	-0.0981108
16.2	-0.0918102
16.4	-0.0818372
16.6	-0.0685907
16.8	-0.0526006
17	-0.0345065
17.2	-0.0150321
17.4	0.0050436
17.6	0.0249175
17.8	0.0437948
18	0.0609202
18.2	0.0756088
18.4	0.0872731
18.6	0.0954465
18.8	0.0998019
19	0.100165
19.2	0.0965222
19.4	0.0890181
19.6	0.0779533
19.8	0.0637703
20	0.0470366
20.2	0.0284214
20.4	0.0086693
20.6	-0.0114295
20.8	-0.0310712
21	-0.04947
21.2	-0.06589
21.4	-0.0796744
21.6	-0.0902719
21.8	-0.0972584
22	-0.100355
22.2	-0.0994367
22.4	-0.0945413
22.6	-0.0858642
22.8	-0.0737525
23	-0.0586908
23.2	-0.0412814
23.4	-0.0222208
23.6	-0.00227129
23.8	0.017769
24	0.0370986
24.2	0.0549442
24.4	0.070592
24.6	0.0834162
24.8	0.0929037
25	0.0986751
25.2	0.100499
25.4	0.0983038
25.6	0.0921761
25.8	0.0823613
26	0.069252
26.2	0.0533727
26.4	0.0353584
26.6	0.0159298
26.8	-0.00413596
27	-0.0240363
27.2	-0.0429752
27.4	-0.0601951
27.6	-0.0750071
27.8	-0.0868189
28	-0.095158
28.2	-0.0996907
28.4	-0.100236
28.6	-0.0967714
28.8	-0.0894362
29	-0.0785236
29.2	-0.06447
29.4	-0.0478376
29.6	-0.0292917
29.8	-0.00957414
30	0.0105264
30.2	0.0302059
30.4	0.0486771
30.6	0.0652013
30.8	0.0791174
31	0.0898688
31.2	0.0970254
31.4	0.100301
31.6	0.0995647
31.8	0.0948457
32	0.0863329
32.2	0.0743667
32.4	0.0594259
32.6	0.0421081
32.8	0.0231059
33	0.00317954
33.2	-0.016874
33.4	-0.0362527
33.6	-0.0541812
33.8	-0.0699424
34	-0.082906
34.2	-0.0925533
34.4	-0.0984985
34.6	-0.100504
34.8	-0.0984889
35	-0.0925344
35.2	-0.0828786
35.4	-0.0699076
35.6	-0.0541403
35.8	-0.0362075
36	-0.0168263
36.2	0.00322798
36.4	0.0231531
36.6	0.0421521
36.8	0.059465
37	0.0743993
37.2	0.0863577
37.4	0.0948617
37.6	0.0995713
37.8	0.100298
38	0.0970128
38.2	0.0898471
38.4	0.0790875
38.6	0.0651644
38.8	0.0486347
39	0.0301596
39.2	0.0104782
39.4	-0.00962238
39.6	-0.0293381
39.8	-0.0478802
40	-0.0645072
40.2	-0.0785538
40.4	-0.0894583
40.6	-0.0967845
40.8	-0.100239
41	-0.0996845
41.2	-0.0951424
41.4	-0.0867945
41.6	-0.0749749
41.8	-0.0601562
42	-0.0429314
42.2	-0.0239892
42.4	-0.00408753
42.6	0.0159777
42.8	0.0354038
43	0.0534137
43.2	0.0692871
43.4	0.082389
43.6	0.0921954
43.8	0.0983139
44	0.1005
44.2	0.0986659
44.4	0.0928852
44.6	0.0833892
44.8	0.0705575
45	0.0549036
45.2	0.0370535
45.4	0.0177213
45.6	-0.00231974
45.8	-0.022268
46	-0.0413256
46.2	-0.0587301
46.4	-0.0737854
46.6	-0.0858893
46.8	-0.0945577
47	-0.0994437
47.2	-0.100352
47.4	-0.0972462
47.6	-0.0902506
47.8	-0.0796449
48	-0.0658534
48.2	-0.0494278
48.4	-0.0310251
48.6	-0.0113814
48.8	0.00871758
49	0.0284679
49.2	0.0470794
49.4	0.0638078
49.6	0.0779839
49.8	0.0890406
50	0.0965357
50.2	0.100169
50.4	0.0997962
50.6	0.0954313
50.8	0.0872491
51	0.0755769
51.2	0.0608816
51.4	0.0437511
51.6	0.0248706
51.8	0.00499519
52	-0.01508
52.2	-0.034552
52.4	-0.0526419
52.6	-0.0686261
52.8	-0.0818653
53	-0.0918299
53.2	-0.0981213
53.4	-0.100488
53.6	-0.0988348
53.8	-0.0932284
54	-0.0838929
54.2	-0.0712017
54.4	-0.0556624
54.6	-0.0378966
54.8	-0.0186149
55	0.00141131
55.2	0.0213811
55.4	0.0404957
55.6	0.0579904
55.8	0.0731655
56	0.085414
56.2	0.0942459
56.4	0.099308
56.6	0.100398
56.8	0.0974717
57	0.0906467
57.2	0.0801958
57.4	0.0665371
57.6	0.0502169
57.8	0.031888
58	0.0122837
58.2	-0.00781207
58.4	-0.0275953
58.6	-0.0462748
58.8	-0.0631032
59	-0.0774075
59.2	-0.0886155
59.4	-0.0962789
59.6	-0.100091
59.8	-0.0998998
60	-0.0957124
60.2	-0.0876965
60.4	-0.0761727
60.6	-0.0616021
60.8	-0.0445673
61	-0.0257499
61.2	-0.00590245
61.4	0.0141811
61.6	0.0336974
61.8	0.0518658
62	0.0679595
62.2	0.0813349
62.4	0.0914569
62.6	0.0979206
62.8	0.100467
63	0.0989957
63.2	0.093564
63.4	0.0843898
63.6	0.07184
63.8	0.0564166
64	0.0387366
64.2	0.019507
64.4	-0.000502759
64.6	-0.0204925
64.8	-0.0396624
65	-0.0572459
65.2	-0.0725396
65.4	-0.0849317
65.6	-0.0939265
65.8	-0.0991642
66	-0.100435
66.2	-0.0976892
66.4	-0.0910354
66.6	-0.0807402
66.8	-0.0672153
67	-0.0510019
67.2	-0.0327484
67.4	-0.0131849
67.6	0.00690592
67.8	0.0267205
68	0.0454663
68.2	0.0623935
68.4	0.0768249
68.6	0.0881833
68.8	0.0960143
69	0.100005
69.2	0.0999951
69.4	0.0959856
69.6	0.0881367
69.8	0.0767623
70	0.0623174
70.2	0.0453799
70.4	0.0266271
70.6	0.00680922
70.8	-0.013281
71	-0.03284
71.2	-0.0510854
71.4	-0.0672874
71.6	-0.0807978
71.8	-0.0910764
72	-0.0977119
72.2	-0.100439
72.4	-0.0991484
72.6	-0.093892
72.8	-0.0848798
73	-0.0724725
73.2	-0.0571663
73.4	-0.0395734
73.6	-0.0203975
73.8	-0.000405829
74	0.0196021
74.2	0.038826
74.4	0.0564968
74.6	0.0719078
74.8	0.0844424
75	0.0935994
75.2	0.0990123
75.4	0.100465
75.6	0.0978987
75.8	0.0914166
76	0.0812779
76.2	0.0678881
76.4	0.0517827
76.6	0.033606
76.8	0.0140851
77	-0.00599921
77.2	-0.0258436
77.4	-0.0446542
77.6	-0.0616786
77.8	-0.0762359
78	-0.0877438
78.2	-0.0957419
78.4	-0.0999103
78.6	-0.100082
78.8	-0.0962511
79	-0.0885698
79.2	-0.0773457
79.4	-0.0630277
79.6	-0.0461887
79.8	-0.0275021
80	-0.00771543
80.2	0.0123799
80.4	0.03198
80.6	0.0503009
80.8	0.0666097
81	0.0802542
81.2	0.0906885
81.4	0.0974953
81.6	0.100402
81.8	0.0992931
82	0.0942122
82.2	0.0853629
82.4	0.073099
82.6	0.0579112
82.8	0.0404069
83	0.0212864
83.2	0.00131438
83.4	-0.0187102
83.6	-0.0379864
83.8	-0.0557431
84	-0.0712701
84.2	-0.0839463
84.4	-0.0932646
84.6	-0.0988524
84.8	-0.100486
85	-0.0981002
85.2	-0.0917904
85.4	-0.081809
85.6	-0.0685553
85.8	-0.0525593
86	-0.0344609
86.2	-0.0149842
86.4	0.005092
86.6	0.0249645
86.8	0.0438384
87	0.0609587
87.2	0.0756407
87.4	0.0872971
87.6	0.0954616
87.8	0.0998077
88	0.100161
88.2	0.0965086
88.4	0.0889956
88.6	0.0779227
88.8	0.0637329
89	0.0469937
89.2	0.0283749
89.4	0.00862101
89.6	-0.0114777
89.8	-0.0311173
90	-0.0495122
90.2	-0.0659266
90.4	-0.079704
90.6	-0.0902932
90.8	-0.0972706
91	-0.100357
91.2	-0.0994296
91.4	-0.0945248
91.6	-0.085839
91.8	-0.0737196
92	-0.0586514
92.2	-0.0412372
92.4	-0.0221735
92.6	-0.00222283
92.8	0.0178167
93	0.0371436
93.2	0.0549848
93.4	0.0706265
93.6	0.0834432
93.8	0.0929222
94	0.0986843
94.2	0.100499
94.4	0.0982937
94.6	0.0921567
94.8	0.0823335
95	0.0692169
95.2	0.0533316
95.4	0.035313
95.6	0.015882
95.8	-0.00418438
96	-0.0240834
96.2	-0.043019
96.4	-0.0602339
96.6	-0.0750394
96.8	-0.0868433
97	-0.0951735
97.2	-0.0996968
97.4	-0.100232
97.6	-0.0967583
97.8	-0.0894141
98	-0.0784933
98.2	-0.0644328
98.4	-0.047795
98.6	-0.0292453
98.8	-0.00952589
99	0.0105746
99.2	0.0302521
99.4	0.0487195
99.6	0.0652381
99.8	0.0791472
100	0.0898905
100.2	0.0970381
100.4	0.100304
100.6	0.099558
100.8	0.0948296
101	0.086308
101.2	0.0743341
101.4	0.0593868
101.6	0.0420641
101.8	0.0230588
102	0.0031311
102.2	-0.0169218
102.4	-0.0362979
102.6	-0.054222
102.8	-0.0699772
103	-0.0829334
103.2	-0.0925722
103.4	-0.0985081
103.6	-0.100504
103.8	-0.0984792
104	-0.0925155
104.2	-0.0828512
104.4	-0.0698728
104.6	-0.0540995
104.8	-0.0361622
105	-0.0167785
105.2	0.00327642
105.4	0.0232003
105.6	0.0421961
105.8	0.0595041
106	0.0744319
106.2	0.0863825
106.4	0.0948777
106.6	0.0995778
106.8	0.100295
107	0.0970001
107.2	0.0898253
107.4	0.0790575
107.6	0.0651275
107.8	0.0485923
108	0.0301134
108.2	0.01043
108.4	-0.00967062
108.6	-0.0293844
108.8	-0.0479228
109	-0.0645443
109.2	-0.078584
109.4	-0.0894804
109.6	-0.0967976
109.8	-0.100243
110	-0.0996783
110.2	-0.0951267
110.4	-0.0867701
110.6	-0.0749426
110.8	-0.0601174
111	-0.0428875
111.2	-0.0239422
111.4	-0.00403911
111.6	0.0160255
111.8	0.0354491
112	0.0534548
112.2	0.0693222
112.4	0.0824168
112.6	0.0922147
112.8	0.098324
113	0.1005
113.2	0.0986566
113.4	0.0928667
113.6	0.0833621
113.8	0.070523
114	0.054863
114.2	0.0370085
114.4	0.0176736
114.6	-0.00236819
114.8	-0.0223153
115	-0.0413697
115.2	-0.0587694
115.4	-0.0738183
115.6	-0.0859145
115.8	-0.0945741
116	-0.0994507
116.2	-0.100349
116.4	-0.0972339
116.6	-0.0902292
116.8	-0.0796153
117	-0.0658168
117.2	-0.0493856
117.4	-0.030979
117.6	-0.0113332
117.8	0.00876586
118	0.0285143
118.2	0.0471222
118.4	0.0638452
118.6	0.0780144
118.8	0.089063
119	0.0965491
119.2	0.100173
119.4	0.0997905
119.6	0.095416
119.8	0.087225
120	0.0755449
120.2	0.0608431
120.4	0.0437075
120.6	0.0248236
120.8	0.00494679
121	-0.0151279
121.2	-0.0345975
121.4	-0.0526832
121.6	-0.0686615
121.8	-0.0818934
122	-0.0918496
122.2	-0.0981317
122.4	-0.100489
122.6	-0.098826
122.8	-0.0932103
123	-0.0838662
123.2	-0.0711675
123.4	-0.055622
123.6	-0.0378517
123.8	-0.0185673
124	0.00145977
124.2	0.0214285
124.4	0.04054
124.6	0.05803
124.8	0.0731987
125	0.0854395
125.2	0.0942628
125.4	0.0993155
125.6	0.100396
125.8	0.0974598
126	0.0906257
126.2	0.0801666
126.4	0.0665008
126.6	0.0501749
126.8	0.0318421
127	0.0122356
127.2	-0.00786039
127.4	-0.0276419
127.6	-0.0463178
127.8	-0.0631409
128	-0.0774384
128.2	-0.0886384
128.4	-0.0962928
128.6	-0.100096
128.8	-0.0998944
129	-0.0956976
129.2	-0.0876728
129.4	-0.0761411
129.6	-0.0615638
129.8	-0.0445239
130	-0.025703
130.2	-0.00585406
130.4	0.0142291
130.6	0.033743
130.8	0.0519073
131	0.0679952
131.2	0.0813634
131.4	0.091477
131.6	0.0979315
131.8	0.100469
132	0.0989873
132.2	0.0935463
132.4	0.0843635
132.6	0.0718061
132.8	0.0563765
133	0.0386918
133.2	0.0194595
133.4	-0.000551223
133.6	-0.0205399
133.8	-0.039707
134	-0.0572858
134.2	-0.0725731
134.4	-0.0849576
134.6	-0.0939437
134.8	-0.0991721
135	-0.100434
135.2	-0.0976778
135.4	-0.0910148
135.6	-0.0807113
135.8	-0.0671793
136	-0.0509601
136.2	-0.0327026
136.4	-0.0131369
136.6	0.00695427
136.8	0.0267672
137	0.0455095
137.2	0.0624314
137.4	0.0768561
137.6	0.0882065
137.8	0.0960286
138	0.10001
138.2	0.0999903
138.4	0.0959713
138.6	0.0881134
138.8	0.076731
139	0.0622794
139.2	0.0453366
139.4	0.0265803
139.6	0.00676086
139.8	-0.0133291
140	-0.0328858
140.2	-0.0511271
140.4	-0.0673234
140.6	-0.0808267
140.8	-0.0910969
141	-0.0977233
141.2	-0.100441
141.4	-0.0991405
141.6	-0.0938747
141.8	-0.0848539
142	-0.0724389
142.2	-0.0571264
142.4	-0.0395288
142.6	-0.0203501
142.8	-0.000357365
143	0.0196497
143.2	0.0388707
143.4	0.0565369
143.6	0.0719416
143.8	0.0844687
144	0.093617
144.2	0.0990207
144.4	0.100463
144.6	0.0978877
144.8	0.0913965
145	0.0812494
145.2	0.0678523
145.4	0.0517412
145.6	0.0335604
145.8	0.0140371
146	-0.00604759
146.2	-0.0258904
146.4	-0.0446976
146.6	-0.0617169
146.8	-0.0762675
147	-0.0877674
147.2	-0.0957566
147.4	-0.0999156
147.6	-0.100078
147.8	-0.0962371
148	-0.0885468
148.2	-0.0773147
148.4	-0.06299
148.6	-0.0461456
148.8	-0.0274555
149	-0.00766711
149.2	0.012428
149.4	0.0320259
149.6	0.0503428
149.8	0.066646
150	0.0802834
150.2	0.0907094
150.4	0.097507
150.6	0.100404
150.8	0.0992856
151	0.0941953
151.2	0.0853373
151.4	0.0730658
151.6	0.0578716
151.8	0.0403626
152	0.021239
152.2	0.00126592
152.4	-0.0187578
152.6	-0.0380312
152.8	-0.0557834
153	-0.0713042
153.2	-0.0839729
153.4	-0.0932826
153.6	-0.0988611
153.8	-0.100485
154	-0.0980897
154.2	-0.0917707
154.4	-0.0817809
154.6	-0.0685198
154.8	-0.052518
155	-0.0344154
155.2	-0.0149362
155.4	0.00514041
155.6	0.0250114
155.8	0.043882
156	0.0609973
156.2	0.0756726
156.4	0.0873211
156.6	0.0954768
156.8	0.0998133
157	0.100157
157.2	0.0964951
157.4	0.088973
157.6	0.0778921
157.8	0.0636954
158	0.0469509
158.2	0.0283284
158.4	0.00857272
158.6	-0.0115258
158.8	-0.0311634
159	-0.0495544
159.2	-0.0659632
159.4	-0.0797335
159.6	-0.0903144
159.8	-0.0972828
160	-0.10036
160.2	-0.0994226
160.4	-0.0945083
160.6	-0.0858138
160.8	-0.0736866
161	-0.0586121
161.2	-0.041193
161.4	-0.0221262
161.6	-0.00217438
161.8	0.0178644
162	0.0371887
162.2	0.0550253
162.4	0.070661
162.6	0.0834702
162.8	0.0929407
163	0.0986935
163.2	0.100499
163.4	0.0982836
163.6	0.0921374
163.8	0.0823057
164	0.0691817
164.2	0.0532905
164.4	0.0352677
164.6	0.0158341
164.8	-0.00423281
165	-0.0241304
165.2	-0.0430628
165.4	-0.0602727
165.6	-0.0750716
165.8	-0.0868677
166	-0.0951891
166.2	-0.0997029
166.4	-0.100229
166.6	-0.0967452
166.8	-0.089392
167	-0.078463
167.2	-0.0643956
167.4	-0.0477523
167.6	-0.029199
167.8	-0.00947764
168	0.0106228
168.2	0.0302983
168.4	0.0487619
168.6	0.065275
168.8	0.0791771
169	0.0899121
169.2	0.0970507
169.4	0.100307
169.6	0.0995514
169.8	0.0948136
170	0.0862832
170.2	0.0743015
170.4	0.0593477
170.6	0.0420201
170.8	0.0230116
171	0.00308266
171.2	-0.0169696
171.4	-0.036343
171.6	-0.0542628
171.8	-0.070012
172	-0.0829608
172.2	-0.0925911
172.4	-0.0985177
172.6	-0.100504
172.8	-0.0984695
173	-0.0924966
173.2	-0.0828237
173.4	-0.069838
173.6	-0.0540587
173.8	-0.036117
174	-0.0167307
174.2	0.00332486
174.4	0.0232474
174.6	0.0422401
174.8	0.0595431
175	0.0744645
175.2	0.0864072
175.4	0.0948937
175.6	0.0995844
175.8	0.100292
176	0.0969874
176.2	0.0898036
176.4	0.0790276
176.6	0.0650905
176.8	0.0485498
177	0.0300672
177.2	0.0103818
177.4	-0.00971886
177.6	-0.0294308
177.8	-0.0479654
178	-0.0645815
178.2	-0.0786142
178.4	-0.0895025
178.6	-0.0968106
178.8	-0.100246
179	-0.0996721
179.2	-0.0951111
179.4	-0.0867456
179.6	-0.0749103
179.8	-0.0600786
180	-0.0428437
180.2	-0.0238951
180.4	-0.00399068
180.6	0.0160734
180.8	0.0354945
181	0.0534958
181.2	0.0693573
181.4	0.0824445
181.6	0.0922339
181.8	0.098334
182	0.100501
182.2	0.0986474
182.4	0.0928482
182.6	0.083335
182.8	0.0704885
183	0.0548224
183.2	0.0369634
183.4	0.0176259
183.6	-0.00241664
183.8	-0.0223625
184	-0.0414139
184.2	-0.0588087
184.4	-0.0738512
184.6	-0.0859396
184.8	-0.0945905
185	-0.0994577
185.2	-0.100347
185.4	-0.0972217
185.6	-0.0902079
185.8	-0.0795857
186	-0.0657802
186.2	-0.0493434
186.4	-0.0309329
186.6	-0.0112851
186.8	0.00881414
187	0.0285608
187.2	0.047165
187.4	0.0638826
187.6	0.078045
187.8	0.0890855
188	0.0965626
188.2	0.100177
188.4	0.0997847
188.6	0.0954008
188.8	0.0872009
189	0.075513
189.2	0.0608045
189.4	0.0436638
189.6	0.0247766
189.8	0.00489838
190	-0.0151758
190.2	-0.034643
190.4	-0.0527244
190.6	-0.0686969
190.8	-0.0819215
191	-0.0918692
191.2	-0.0981422
191.4	-0.100489
191.6	-0.0988172
191.8	-0.0931922
192	-0.0838395
192.2	-0.0711332
192.4	-0.0555817
192.6	-0.0378068
192.8	-0.0185197
193	0.00150823
193.2	0.0214758
193.4	0.0405844
193.6	0.0580695
193.8	0.0732319
194	0.085465
194.2	0.0942796
194.4	0.0993229
194.6	0.100393
194.8	0.097448
195	0.0906048
195.2	0.0801373
195.4	0.0664644
195.6	0.0501329
195.8	0.0317961
196	0.0121875
196.2	-0.0079087
196.4	-0.0276885
196.6	-0.0463608
196.8	-0.0631786
197	-0.0774693
197.2	-0.0886612
197.4	-0.0963067
197.6	-0.1001
197.8	-0.0998891
198	-0.0956827
198.2	-0.0876491
198.4	-0.0761094
198.6	-0.0615254
198.8	-0.0444804
199	-0.0256562
199.2	-0.00580568
199.4	0.014277
199.6	0.0337887
199.8	0.0519488
200	0.0680309
