t	Theta Euler	Energy
0.21	0.1	0.00521633
0.42	0.09559	0.00541059
0.63	0.0869552	0.00554626
0.84	0.0744676	0.00560106
1.05	0.0586697	0.0055668
1.26	0.0402513	0.00545102
1.47	0.0200192	0.00527565
1.68	-0.00113833	0.00507315
1.89	-0.02229	0.00488074
2.1	-0.0425032	0.00473383
2.31	-0.0608844	0.00465996
2.52	-0.0766192	0.00467402
2.73	-0.0890081	0.00477578
2.94	-0.0974978	0.0049499
3.15	-0.101706	0.00516838
3.36	-0.101437	0.00539534
3.57	-0.0966947	0.00559306
3.78	-0.0876781	0.00572864
3.99	-0.0747759	0.00577981
4.2	-0.058549	0.0057391
4.41	-0.039706	0.00561522
4.62	-0.0190724	0.00543159
4.83	0.00244563	0.00522217
5.04	0.023901	0.00502546
5.25	0.0443474	0.00487767
5.46	0.0628809	0.00480655
5.67	0.0786804	0.00482658
5.88	0.0910432	0.00493659
6.09	0.099417	0.00511985
6.3	0.103424	0.00534688
6.51	0.102879	0.00558034
6.72	0.097795	0.00578144
6.93	0.088388	0.00591669
7.14	0.0750633	0.00596394
7.35	0.0584003	0.00591643
7.56	0.0391269	0.00578413
7.77	0.0180875	0.00559201
7.98	-0.00379372	0.00537559
8.19	-0.0255536	0.00517463
8.4	-0.0462323	0.00502616
8.61	-0.0649155	0.00495809
8.82	-0.0807752	0.00498446
9.03	-0.093106	0.00510306
9.24	-0.101357	0.00529577
9.45	-0.105155	0.00553153
9.66	-0.104324	0.00577154
9.87	-0.0988903	0.00597589
10.08	-0.0890843	0.00611058
10.29	-0.0753291	0.00615358
10.5	-0.0582229	0.00609892
10.71	-0.0385132	0.00595789
10.92	-0.0170637	0.00575706
11.13	0.00518334	0.00553354
11.34	0.0272485	0.00532839
11.55	0.0481584	0.00517945
11.76	0.0669884	0.00511475
11.97	0.0829038	0.00514783
12.18	0.0951965	0.00527539
12.39	0.103317	0.00547785
12.6	0.106898	0.00572252
12.81	0.105772	0.00596911
13.02	0.09998	0.00617661
13.23	0.0897663	0.00631049
13.44	0.0755724	0.00634889
13.65	0.0580159	0.00628671
13.86	0.0378641	0.00613662
14.07	0.0160002	0.00592686
14.28	-0.00661525	0.00569616
14.49	-0.0289865	0.00548692
14.7	-0.0501264	0.00533772
14.91	-0.0691001	0.00527672
15.12	-0.0850663	0.00531689
15.33	-0.0973147	0.00545379
15.54	-0.105297	0.0056663
15.75	-0.108653	0.00592006
15.96	-0.107224	0.00617327
16.17	-0.101063	0.00638378
16.38	-0.0904332	0.00651658
16.59	-0.0757924	0.00655003
16.8	-0.0577785	0.00647995
17.01	-0.0371787	0.00632048
17.22	-0.0148961	0.00610155
17.43	0.00809022	0.00586361
17.64	0.0307681	0.00565035
17.85	0.0521366	0.00550114
18.06	0.0712509	0.00544419
18.27	0.0872631	0.00549185
18.48	0.0994606	0.00563847
18.69	0.107298	0.00586134
18.9	0.110419	0.00612438
19.11	0.108678	0.00638421
19.32	0.10214	0.0065976
19.53	0.0910842	0.00672903
19.74	0.0759884	0.00675715
19.95	0.0575098	0.00667879
20.16	0.0364561	0.0065096
20.37	0.0137506	0.0062813
20.58	-0.00960902	0.00603604
20.79	-0.0325939	0.00581887
21	-0.0541897	0.0056699
21.21	-0.0734411	0.00561736
21.42	-0.0894942	0.00567292
21.63	-0.101634	0.00582966
21.84	-0.109318	0.0060632
22.05	-0.112196	0.00633568
22.26	-0.110133	0.00660216
22.47	-0.103209	0.00681825
22.68	-0.0917187	0.00694802
22.89	-0.0761594	0.00697044
23.1	-0.0572088	0.0068834
23.31	-0.0356955	0.00670413
23.52	-0.0125628	0.00646624
23.73	0.0111724	0.00621361
23.94	0.0344648	0.00599265
24.15	0.0562862	0.00584418
24.36	0.0756712	0.00579644
24.57	0.0917599	0.00586033
24.78	0.103836	0.00602758
24.99	0.111358	0.0062721
25.2	0.113985	0.00655421
25.41	0.11159	0.00682732
25.62	0.10427	0.00704595
25.83	0.0923358	0.00717374
26.04	0.0763046	0.00719006
26.25	0.0568747	0.00709391
26.46	0.0348958	0.00690424
26.67	0.0113319	0.00665654
26.88	-0.0127812	0.00639649
27.09	-0.0363813	0.00617186
27.3	-0.0584266	0.00602419
27.51	-0.0779416	0.00598163
27.72	-0.0940603	0.00605428
27.93	-0.106065	0.00623247
28.14	-0.113417	0.00648829
28.35	-0.115783	0.00678018
28.56	-0.113048	0.00705993
28.77	-0.105322	0.0072809
28.98	-0.0929346	0.00740638
29.19	-0.076423	0.00741618
29.4	-0.0565066	0.00731052
29.61	-0.0340563	0.00711008
29.82	-0.010057	0.00685235
30.03	0.0144362	0.00658484
30.24	0.0383442	0.0063567
30.45	0.0606114	0.00621012
30.66	0.0802524	0.00617316
30.87	0.0963956	0.00625503
31.08	0.108322	0.00644457
31.29	0.115496	0.00671201
31.5	0.117591	0.00701385
31.71	0.114506	0.0073002
31.92	0.106364	0.00752332
32.13	0.0935144	0.00764613
32.34	0.0765139	0.00764898
32.55	0.0561034	0.00753337
32.76	0.0331759	0.00732182
32.97	0.00873721	0.00705385
33.18	-0.0161381	0.00677885
33.39	-0.040354	0.00654735
33.6	-0.0628412	0.00640218
33.81	-0.0826042	0.00637125
34.02	-0.0987659	0.00646282
34.23	-0.110606	0.00666414
34.44	-0.117593	0.00694351
34.65	-0.119409	0.00725546
34.86	-0.115963	0.00754838
35.07	-0.107396	0.00777343
35.28	-0.0940744	0.00789321
35.49	-0.0765763	0.00788865
35.7	-0.0556644	0.00776265
35.91	-0.0322538	0.00753962
36.12	-0.00737164	0.0072612
36.33	0.0178879	0.0069787
36.54	0.0424115	0.00674401
36.75	0.0651164	0.00660061
36.96	0.0849972	0.00657615
37.17	0.101171	0.00667789
37.38	0.112918	0.00689143
37.59	0.11971	0.00718306
37.8	0.121236	0.00750527
38.01	0.117419	0.00780471
38.22	0.108417	0.00803144
38.43	0.0946136	0.00814781
38.64	0.0766091	0.00813539
38.85	0.0551884	0.00799853
39.06	0.0312889	0.00776367
39.27	0.00595938	0.0074746
39.48	-0.0196862	0.00718458
39.69	-0.0445174	0.0069469
39.9	-0.0674375	0.00680561
40.11	-0.0874318	0.0067881
40.32	-0.103612	0.0069005
40.53	-0.115258	0.00712671
40.74	-0.121844	0.00743093
40.95	-0.123072	0.00776354
41.16	-0.118874	0.00806944
41.37	-0.109425	0.0082976
41.58	-0.0951311	0.00841014
41.79	-0.0766116	0.00838938
42	-0.0546746	0.0082412
42.21	-0.0302803	0.00799413
42.42	-0.00449952	0.00769422
42.63	0.0215339	0.00739669
42.84	0.0466723	0.00715623
43.05	0.0698052	0.00701743
43.26	0.0899084	0.00700734
43.47	0.106089	0.00713093
43.68	0.117625	0.00737026
43.89	0.123997	0.00768739
44.1	0.124915	0.00803054
44.31	0.120326	0.00834283
44.52	0.110421	0.00857214
44.73	0.0956262	0.00868044
44.94	0.0765826	0.00865083
45.15	0.0541218	0.00849085
45.36	0.0292271	0.00823121
45.57	0.00299115	0.00792025
45.78	-0.0234318	0.00761524
45.99	-0.0488769	0.00737222
46.2	-0.0722199	0.00723632
46.41	-0.0924271	0.00723416
46.62	-0.108601	0.00736945
46.83	-0.120019	0.00762237
47.04	-0.126168	0.00795273
47.25	-0.126767	0.00830654
47.46	-0.121776	0.00862514
47.67	-0.111404	0.00885531
47.88	-0.0960977	0.00895891
48.09	-0.0765213	0.00891995
48.3	-0.0535292	0.00874768
48.51	-0.0281282	0.00847509
48.72	-0.00143334	0.00815291
48.93	0.0253808	0.00784044
49.14	0.0511319	0.00759511
49.35	0.0746821	0.00746251
49.56	0.0949884	0.00746881
49.77	0.111148	0.00761635
49.98	0.12244	0.00788333
50.19	0.128357	0.00822724
50.4	0.128625	0.00859185
50.61	0.123221	0.00891663
50.82	0.112372	0.00914735
51.03	0.0965449	0.00924579
51.24	0.0764266	0.00919694
51.45	0.0528956	0.00901188
51.66	0.0269826	0.00872597
51.87	-0.000174868	0.00839238
52.08	-0.0273816	0.00807251
52.29	-0.0534379	0.00782513
52.5	-0.0771924	0.00769629
52.71	-0.0975925	0.00771158
52.92	-0.113732	0.00787193
53.13	-0.124889	0.00815345
53.34	-0.130562	0.00851124
53.55	-0.13049	0.00888674
53.76	-0.124663	0.0092176
53.97	-0.113325	0.00944852
54.18	-0.0969667	0.00954132
54.39	-0.0762974	0.00948202
54.6	-0.0522201	0.00928367
54.81	-0.0257892	0.00898406
55.02	0.00183441	0.00863889
55.23	0.0294352	0.00831167
55.44	0.0557958	0.00806254
55.65	0.0797512	0.00793791
55.86	0.10024	0.00796276
56.07	0.116351	0.00813649
56.28	0.127365	0.00843303
56.49	0.132785	0.00880503
56.7	0.132361	0.00919153
56.91	0.126099	0.00952832
57.12	0.114262	0.0097591
57.33	0.0973621	0.00984574
57.54	0.0761328	0.00977542
57.75	0.0515015	0.00956325
57.96	0.0245472	0.00924957
58.17	-0.00354625	0.00889266
58.38	-0.0315423	0.00855817
58.59	-0.0582061	0.00830759
58.8	-0.082359	0.00818767
59.01	-0.102931	0.00822265
59.22	-0.119006	0.00841035
59.43	-0.129867	0.00872242
59.64	-0.135024	0.00910894
59.85	-0.134237	0.00950653
60.06	-0.127529	0.00984909
60.27	-0.115182	0.0100793
60.48	-0.0977302	0.0101593
60.69	-0.0759316	0.0100774
60.9	-0.0507387	0.00985085
61.11	-0.0232553	0.00952272
61.32	0.00531136	0.00915391
61.53	0.0337038	0.00881225
61.74	0.0606695	0.00856056
61.95	0.0850163	0.00844584
62.16	0.105665	0.00849157
62.37	0.121697	0.00869384
62.58	0.132396	0.00902193
62.79	0.137279	0.00942329
63	0.136118	0.00983206
63.21	0.128952	0.0101802
63.42	0.116084	0.0104095
63.63	0.0980699	0.0104822
63.84	0.0756929	0.0103881
64.05	0.0499308	0.0101467
64.26	0.0219126	0.00980373
64.47	-0.00713071	0.00942288
64.68	-0.0359206	0.00907417
64.89	-0.0631868	0.00882171
65.1	-0.0877237	0.00871274
65.31	-0.108444	0.00876985
65.52	-0.124425	0.0089873
65.73	-0.134952	0.00933193
65.94	-0.13955	0.00974844
66.15	-0.138004	0.0101684
66.36	-0.130368	0.010522
66.57	-0.116967	0.01075
66.78	-0.0983802	0.0108148
66.99	-0.0754153	0.0107079
67.2	-0.0490765	0.010451
67.41	-0.020518	0.0100928
67.62	0.00900529	0.00969982
67.83	0.0381934	0.0093442
68.04	0.0657586	0.00909135
68.25	0.0904816	0.00898868
68.46	0.111266	0.00905781
68.67	0.127188	0.00929108
68.88	0.137534	0.00965276
69.09	0.141836	0.0100847
69.3	0.139893	0.010516
69.51	0.131776	0.0108748
69.72	0.117831	0.0111009
69.93	0.09866	0.0111574
70.14	0.075098	0.0110369
70.35	0.0481747	0.0107641
70.56	0.0190704	0.0103903
70.77	-0.0109361	0.00998499
70.98	-0.0405233	0.00962259
71.19	-0.0683855	0.00936977
71.4	-0.0932905	0.00927398
71.61	-0.114134	0.0093558
71.82	-0.129987	0.00960554
72.03	-0.140142	0.00998479
72.24	-0.144137	0.0104325
72.45	-0.141785	0.0108752
72.66	-0.133175	0.0112388
72.87	-0.118673	0.0114627
73.08	-0.0989082	0.0115101
73.29	-0.0747396	0.0113755
73.5	-0.0472243	0.0110861
73.71	-0.0175686	0.0106964
73.92	0.0129241	0.0102786
74.13	0.042911	0.00990965
74.34	0.0710684	0.00965727
74.55	0.0961508	0.00956899
74.76	0.117046	0.00966419
74.97	0.132823	0.00993105
75.18	0.142775	0.0103284
75.39	0.146453	0.0107922
75.6	0.143679	0.0112462
75.81	0.134563	0.0116145
76.02	0.119494	0.0118356
76.23	0.0991236	0.0118733
76.44	0.0743391	0.0117239
76.65	0.0462241	0.0114173
76.86	0.0160116	0.0110113
77.07	-0.0149704	0.010581
77.28	-0.0453573	0.0102057
77.49	-0.0738078	0.00995419
77.7	-0.0990631	0.00987404
77.91	-0.120003	0.00998334
78.12	-0.135694	0.010268
78.33	-0.145435	0.010684
78.54	-0.148782	0.0111642
78.75	-0.145575	0.0116295
78.96	-0.135941	0.0120023
79.17	-0.120292	0.01222
79.38	-0.0993053	0.0122473
79.59	-0.0738952	0.0120824
79.8	-0.045173	0.011758
80.01	-0.0143983	0.0113353
80.22	0.017076	0.0108925
80.43	0.0478633	0.0105109
80.64	0.0766045	0.0102609
80.85	0.102028	0.0101895
81.06	0.123005	0.0103136
81.27	0.138602	0.0106168
81.48	0.148119	0.011052
81.69	0.151124	0.0115488
81.9	0.147471	0.0120255
82.11	0.137307	0.0124023
82.32	0.121066	0.0126162
82.53	0.099452	0.0126323
82.74	0.0734068	0.0124512
82.95	0.0440697	0.0121085
83.16	0.0127275	0.0116687
83.37	-0.0192418	0.0112133
83.58	-0.0504297	0.0108258
83.79	-0.0794591	0.0105776
84	-0.105045	0.0105157
84.21	-0.126053	0.0106555
84.42	-0.141545	0.0109779
84.63	-0.150828	0.0114327
84.84	-0.153479	0.0119466
85.05	-0.149368	0.0124345
85.26	-0.13866	0.0128151
85.47	-0.121815	0.0130244
85.68	-0.0995625	0.0130288
85.89	-0.0728726	0.0128306
86.1	-0.042913	0.012469
86.31	-0.0109981	0.0120118
86.52	0.021469	0.0115437
86.73	0.0530574	0.0111506
86.94	0.0823723	0.0109048
87.15	0.108116	0.0108532
87.36	0.129146	0.0110093
87.57	0.144525	0.0113516
87.78	0.153563	0.0118267
87.99	0.155847	0.0123578
88.2	0.151263	0.012857
88.41	0.139999	0.0132409
88.62	0.122538	0.0134452
88.83	0.0996356	0.0134369
89.04	0.0722914	0.013221
89.25	0.0417018	0.0128398
89.46	0.0092088	0.0123649
89.67	-0.0237585	0.0118841
89.88	-0.0557473	0.0114856
90.09	-0.0853448	0.0112428
90.3	-0.111241	0.0112021
90.51	-0.132285	0.0113755
90.72	-0.14754	0.0117385
90.93	-0.156321	0.0122344
91.14	-0.158226	0.0127829
91.35	-0.153158	0.0132934
91.56	-0.141324	0.0136802
91.77	-0.123233	0.0138787
91.98	-0.0996702	0.0138571
92.19	-0.071662	0.0136227
92.4	-0.0404346	0.0132213
92.61	-0.00735856	0.0127282
92.82	0.0261115	0.0122347
93.03	0.0585003	0.0118312
93.24	0.0883773	0.0115921
93.45	0.11442	0.0115631
93.66	0.135471	0.0117545
93.87	0.150592	0.0121389
94.08	0.159103	0.0126562
94.29	0.160616	0.0132225
94.5	0.155049	0.013744
94.71	0.142633	0.0141334
94.92	0.123901	0.0143255
95.13	0.0996649	0.0142896
95.34	0.0709829	0.0140359
95.55	0.0391104	0.0136137
95.76	0.00544616	0.0131022
95.97	-0.0285289	0.012596
96.18	-0.0613173	0.0121878
96.39	-0.0914704	0.0119529
96.6	-0.117653	0.0119365
96.81	-0.138702	0.0121467
97.02	-0.153678	0.0125534
97.23	-0.161909	0.0130926
97.44	-0.163017	0.0136768
97.65	-0.156938	0.0142094
97.86	-0.143925	0.0146008
98.07	-0.124538	0.0147857
98.28	-0.0996185	0.0147348
98.49	-0.070253	0.014461
98.7	-0.0377277	0.0140174
98.91	-0.00347038	0.0134871
99.12	0.031012	0.0129682
99.33	0.0641991	0.0125557
99.54	0.0946248	0.0123258
99.75	0.120941	0.0123228
99.96	0.14198	0.0125528
100.17	0.156801	0.0129824
100.38	0.164738	0.0135441
100.59	0.165427	0.0141465
100.8	0.158823	0.0146899
101.01	0.1452	0.015083
101.22	0.125145	0.0152599
101.43	0.0995296	0.0151931
101.64	0.0694709	0.0148983
101.85	0.0362854	0.0144326
102.06	0.00143002	0.0138833
102.27	-0.0335616	0.0133518
102.48	-0.0671467	0.0129354
102.69	-0.0978411	0.0127111
102.9	-0.124285	0.0127224
103.11	-0.145304	0.012973
103.32	-0.159959	0.0134265
103.53	-0.16759	0.0140111
103.74	-0.167847	0.014632
103.95	-0.160702	0.0151861
104.16	-0.146456	0.0155802
104.37	-0.12572	0.0157485
104.58	-0.0993971	0.0156647
104.79	-0.0686353	0.0153481
105	-0.034782	0.0148598
105.21	0.00067616	0.0142911
105.42	0.036179	0.013747
105.63	0.0701609	0.0133273
105.84	0.10112	0.0131093
106.05	0.127685	0.0131357
106.26	0.148675	0.013408
106.47	0.163152	0.013886
106.68	0.170464	0.0144943
106.89	0.170275	0.0151338
107.1	0.162576	0.0156984
107.31	0.147691	0.016093
107.52	0.126262	0.0162517
107.73	0.0992195	0.0161502
107.94	0.0677447	0.0158109
108.15	0.0332163	0.0152992
108.36	-0.00284939	0.0147109
108.57	-0.0388652	0.0141544
108.78	-0.0732427	0.0137317
108.99	-0.104462	0.0135208
109.2	-0.131141	0.0135634
109.41	-0.152092	0.0138583
109.62	-0.16638	0.0143617
109.83	-0.17336	0.0149941
110.04	-0.17271	0.0156525
110.25	-0.164443	0.0162272
110.46	-0.148905	0.0166218
110.67	-0.126769	0.0167701
110.88	-0.0989954	0.0166498
111.09	-0.0667979	0.016287
111.3	-0.0315869	0.0157513
111.51	0.00509092	0.015143
111.72	0.0416213	0.0145742
111.93	0.0763929	0.0141492
112.14	0.107869	0.0139462
112.35	0.134653	0.0140059
112.56	0.155556	0.0143243
112.77	0.169643	0.014854
112.98	0.176278	0.0155111
113.19	0.175153	0.0161884
113.4	0.166301	0.0167732
113.61	0.150097	0.017167
113.82	0.12724	0.017304
114.03	0.0987235	0.017164
114.24	0.0657933	0.0167766
114.45	0.0298925	0.0162164
114.66	-0.00740201	0.0155879
114.87	-0.0444484	0.015007
115.08	-0.0796124	0.0145801
115.29	-0.111339	0.014386
115.5	-0.138223	0.0144637
115.71	-0.159067	0.0148067
115.92	-0.17294	0.0153635
116.13	-0.179216	0.0160458
116.34	-0.177602	0.0167423
116.55	-0.168151	0.0173368
116.76	-0.151266	0.0177292
116.97	-0.127674	0.017854
117.18	-0.0984024	0.0176931
117.39	-0.0647296	0.0172804
117.6	-0.0281316	0.0166948
117.81	0.00978394	0.0160459
118.02	0.0473476	0.0154532
118.23	0.0829021	0.015025
118.44	0.114875	0.0148405
118.65	0.14185	0.0149374
118.86	0.162625	0.015306
119.07	0.176272	0.0158908
119.28	0.182175	0.0165989
119.49	0.180056	0.0173146
119.7	0.169991	0.0179186
119.91	0.15241	0.0183088
120.12	0.12807	0.0184203
120.33	0.0980306	0.0182376
120.54	0.0636053	0.0177985
120.75	0.0263028	0.0171871
120.96	-0.012238	0.0165175
121.17	-0.05032	0.0159131
121.38	-0.086263	0.0154843
121.59	-0.118477	0.0153105
121.8	-0.145534	0.0154276
122.01	-0.16623	0.0158228
122.22	-0.179638	0.0164364
122.43	-0.185153	0.0171709
122.64	-0.182514	0.017906
122.85	-0.17182	0.018519
123.06	-0.153527	0.0189064
123.27	-0.128425	0.0190036
123.48	-0.0976066	0.0187979
123.69	-0.062419	0.0183315
123.9	-0.0244048	0.0176936
124.11	0.0147655	0.0170032
124.32	0.0533668	0.0163873
124.53	0.0896958	0.0159585
124.74	0.122145	0.0157963
124.95	0.149277	0.0159348
125.16	0.169882	0.0163578
125.37	0.183038	0.0170011
125.58	0.18815	0.0177624
125.79	0.184976	0.018517
126	0.173637	0.0191386
126.21	0.154618	0.0195224
126.42	0.128739	0.0196042
126.63	0.097129	0.0193745
126.84	0.0611691	0.0188798
127.05	0.0224361	0.0182147
127.26	-0.0173677	0.0175033
127.47	-0.0564891	0.0168763
127.68	-0.0932015	0.0164483
127.89	-0.125881	0.0162986
128.1	-0.153077	0.0164596
128.31	-0.17358	0.0169114
128.52	-0.186472	0.0175854
128.73	-0.191166	0.0183741
128.94	-0.187441	0.0191482
129.15	-0.175441	0.0197781
129.36	-0.155679	0.0201573
129.57	-0.12901	0.0202227
129.78	-0.0965962	0.0199677
129.99	-0.059854	0.0194438
130.2	-0.0203952	0.0187509
130.41	0.0200459	0.0180183
130.62	0.059688	0.0173805
130.83	0.096781	0.016954
131.04	0.129684	0.0168181
131.25	0.156937	0.0170027
131.46	0.177326	0.0174845
131.67	0.189938	0.01819
131.88	0.1942	0.0190066
132.09	0.189907	0.0198003
132.3	0.17723	0.020438
132.51	0.156711	0.0208118
132.72	0.129237	0.0208596
132.93	0.0960066	0.0205781
133.14	0.0584724	0.0200239
133.35	0.0182807	0.0193026
133.56	-0.0228016	0.0185487
133.77	-0.0629646	0.0179005
133.98	-0.100435	0.0174763
134.19	-0.133555	0.0173552
134.4	-0.160855	0.0175647
134.61	-0.181119	0.0180777
134.82	-0.193437	0.0188157
135.03	-0.197251	0.0196607
135.24	-0.192375	0.0204739
135.45	-0.179004	0.0211189
135.66	-0.157711	0.0214863
135.87	-0.129418	0.0215153
136.08	-0.0953588	0.0212061
136.29	-0.0570226	0.0206206
136.5	-0.0160911	0.0198703
136.71	0.0256359	0.019095
136.92	0.0663201	0.0184368
137.13	0.104165	0.0180159
137.34	0.137496	0.0179106
137.55	0.164833	0.0181464
137.76	0.184958	0.0186917
137.97	0.196969	0.019463
138.18	0.200319	0.0203369
138.39	0.194842	0.0211697
138.6	0.180761	0.0218214
138.81	0.158678	0.0221814
139.02	0.129552	0.0221904
139.23	0.0946511	0.0218523
139.44	0.055503	0.0212345
139.65	0.0138249	0.0204546
139.86	-0.0285504	0.0196577
140.07	-0.0697556	0.01899
140.28	-0.107971	0.0185732
140.49	-0.141505	0.018485
140.7	-0.16887	0.0187482
140.91	-0.188844	0.0193271
141.12	-0.200533	0.0201327
141.33	-0.203402	0.0210361
141.54	-0.197308	0.0218884
141.75	-0.182499	0.0225462
141.96	-0.159611	0.0228978
142.17	-0.129637	0.0228854
142.38	-0.0938819	0.022517
142.59	-0.053912	0.0218659
142.8	-0.0114806	0.0210558
143.01	0.0315463	0.0202374
143.22	0.0732722	0.0195607
143.43	0.111855	0.0191489
143.64	0.145585	0.0190791
143.85	0.172966	0.0193711
144.06	0.192777	0.0199848
144.27	0.204128	0.0208257
144.48	0.206501	0.0217589
144.69	0.199772	0.0226307
144.9	0.184219	0.0232939
145.11	0.160509	0.023636
145.32	0.129671	0.0236008
145.53	0.0930496	0.0232009
145.74	0.052248	0.0225154
145.95	0.00905657	0.0216745
146.16	-0.0346249	0.0208346
146.37	-0.0768712	0.0201494
146.58	-0.115816	0.0197436
146.79	-0.149735	0.0196935
147	-0.177123	0.0200157
147.21	-0.196756	0.0206655
147.42	-0.207754	0.0215426
147.63	-0.209613	0.0225062
147.84	-0.202232	0.0233972
148.05	-0.185917	0.0240652
148.26	-0.161369	0.0243966
148.47	-0.129653	0.0243374
148.68	-0.0921524	0.0239045
148.89	-0.0505093	0.0231835
149.1	-0.00655137	0.0223113
149.31	0.0377878	0.0214499
149.52	0.0805537	0.0207568
149.73	0.119857	0.0203581
149.94	0.153957	0.020329
150.15	0.181339	0.0206829
150.36	0.200782	0.02137
150.57	0.211411	0.0222842
150.78	0.212739	0.0232786
150.99	0.204688	0.0241888
151.2	0.187594	0.0248608
151.41	0.16219	0.0251803
151.62	0.129581	0.0250955
151.83	0.0911887	0.0246283
152.04	0.0486944	0.0238708
152.25	0.0039634	0.0229667
152.46	-0.0410363	0.0220839
152.67	-0.0843208	0.0213836
152.88	-0.123978	0.0209931
153.09	-0.15825	0.0209863
153.3	-0.185616	0.0213733
153.51	-0.204854	0.0220991
153.72	-0.215098	0.0230514
153.93	-0.215877	0.024077
154.14	-0.207139	0.0250061
154.35	-0.189247	0.0256814
154.56	-0.162971	0.0259877
154.77	-0.129454	0.0258759
154.98	-0.0901567	0.025373
155.19	-0.0468014	0.0245778
155.4	-0.00129107	0.0236413
155.61	0.0443717	0.0227372
155.82	0.0881737	0.0220303
156.03	0.128179	0.0216492
156.24	0.162616	0.0216662
156.45	0.189954	0.0220878
156.66	0.208972	0.0228536
156.87	0.218814	0.023845
157.08	0.219028	0.0249023
157.29	0.209582	0.0258501
157.5	0.190875	0.0265277
157.71	0.16371	0.0268195
157.92	0.129269	0.0266791
158.13	0.0890547	0.026139
158.34	0.0448286	0.0253052
158.55	-0.00146722	0.0243357
158.76	-0.0477956	0.0234104
158.97	-0.0921135	0.0226977
159.18	-0.132462	0.0223272
159.39	-0.167054	0.0223695
159.6	-0.194352	0.0228273
159.81	-0.213135	0.0236344
160.02	-0.222559	0.0246659
160.23	-0.222188	0.0257552
160.44	-0.212018	0.0267214
160.65	-0.192476	0.0274004
160.86	-0.164405	0.0276764
161.07	-0.129025	0.0275057
161.28	-0.0878808	0.0269269
161.49	-0.0427744	0.0260534
161.7	0.00431308	0.0250506
161.91	0.0513093	0.0241042
162.12	0.0961414	0.0233866
162.33	0.136828	0.0230279
162.54	0.171566	0.0230971
162.75	0.19881	0.0235926
162.96	0.217345	0.0244425
163.17	0.226333	0.0255149
163.38	0.225359	0.0266367
163.59	0.214445	0.027621
163.8	0.19405	0.0283005
164.01	0.165055	0.0285591
164.22	0.128721	0.0283565
164.43	0.0866334	0.0277375
164.64	0.040637	0.0268231
164.85	-0.00724815	0.0257865
165.06	-0.0549142	0.0248194
165.27	-0.100259	0.0240976
165.48	-0.141277	0.0237521
165.69	-0.176151	0.0238498
165.9	-0.20333	0.0243846
166.11	-0.221599	0.0252787
166.32	-0.230134	0.0263931
166.53	-0.228538	0.0275476
166.74	-0.216861	0.0285496
166.95	-0.195595	0.0292285
167.16	-0.165658	0.0294682
167.37	-0.128354	0.0292321
167.58	-0.0853104	0.0285713
167.79	-0.0384145	0.027615
168	0.0102741	0.0265441
168.21	0.0586118	0.0255565
168.42	0.104466	0.0248315
168.63	0.14581	0.0245006
168.84	0.18081	0.0246284
169.05	0.20791	0.0252043
169.26	0.225899	0.026144
169.47	0.233962	0.0273013
169.68	0.231725	0.0284889
169.89	0.219265	0.0295082
170.1	0.197108	0.0301854
170.31	0.166213	0.0304046
170.52	0.127922	0.0301331
170.73	0.0839102	0.029429
170.94	0.0361052	0.0284297
171.15	-0.0133925	0.0273241
171.36	-0.0624035	0.0263164
171.57	-0.108765	0.0255892
171.78	-0.150428	0.0252744
171.99	-0.185544	0.025434
172.2	-0.212552	0.0260526
172.41	-0.230243	0.0270394
172.62	-0.237817	0.0282406
172.83	-0.234919	0.0294615
173.04	-0.221656	0.0304977
173.25	-0.198589	0.0311719
173.46	-0.166716	0.031369
173.67	-0.127424	0.0310604
173.88	-0.0824307	0.0303113
174.09	-0.0337072	0.0292679
174.3	0.0166051	0.0281273
174.51	0.0662908	0.0270998
174.72	0.113157	0.0263714
174.93	0.155132	0.0260742
175.14	0.190354	0.0262674
175.35	0.217255	0.0269305
175.56	0.234631	0.0279659
175.77	0.241697	0.0292119
175.98	0.238119	0.0304664
176.19	0.224032	0.0315189
176.4	0.200036	0.032189
176.61	0.167168	0.0323622
176.82	0.126858	0.0320145
177.03	0.08087	0.0312189
177.24	0.0312187	0.0301303
177.45	-0.0199136	0.0289543
177.66	-0.0702751	0.0279075
177.87	-0.117643	0.0271791
178.08	-0.159923	0.026901
178.29	-0.195238	0.0271296
178.5	-0.222018	0.027839
178.71	-0.239063	0.0289245
178.92	-0.245602	0.0302164
179.13	-0.241323	0.0315046
179.34	-0.226392	0.0325728
179.55	-0.201446	0.0332374
179.76	-0.167565	0.0333849
179.97	-0.126222	0.0329963
180.18	-0.0792262	0.0321524
180.39	-0.0286379	0.0310176
180.6	0.0233196	0.0298059
180.81	0.0743579	0.0287403
181.02	0.122224	0.0280131
181.23	0.164801	0.0277558
181.44	0.200199	0.0280218
181.65	0.226843	0.0287793
181.86	0.243539	0.0299163
182.07	0.24953	0.031255
182.28	0.24453	0.0325773
182.49	0.228735	0.0336605
182.7	0.20282	0.0343182
182.91	0.167905	0.0344381
183.12	0.125514	0.0340065
183.33	0.0774974	0.0331127
183.54	0.0259628	0.0319306
183.75	-0.026825	0.030683
183.96	-0.0785407	0.0295992
184.17	-0.126901	0.0288743
184.38	-0.169767	0.0286396
184.59	-0.205236	0.0289448
184.8	-0.231729	0.0297523
185.01	-0.248058	0.0309425
185.22	-0.253482	0.0323289
185.43	-0.247739	0.0336853
185.64	-0.231058	0.0347828
185.85	-0.204153	0.0354322
186.06	-0.168188	0.0355225
186.27	-0.124731	0.0350459
186.48	-0.0756814	0.0341005
186.69	-0.0231915	0.03287
186.9	0.0304314	0.0315863
187.11	0.0828249	0.0304849
187.32	0.131676	0.0297637
187.53	0.174822	0.0295533
187.74	0.21035	0.0298998
187.95	0.236676	0.0307593
188.16	0.252619	0.0320042
188.37	0.257456	0.0334392
188.58	0.250949	0.0348298
188.79	0.233361	0.0359409
189	0.205446	0.0365803
189.21	0.168411	0.0366391
189.42	0.123872	0.0361154
189.63	0.0737763	0.0351166
189.84	0.0203221	0.0338367
190.05	-0.0341406	0.0325167
190.26	-0.0872121	0.0313984
190.47	-0.136549	0.0306822
190.68	-0.179968	0.0304981
190.89	-0.215541	0.0308879
191.1	-0.241683	0.0318013
191.31	-0.257223	0.0331025
191.52	-0.261451	0.0345871
191.73	-0.254158	0.036012
191.94	-0.235642	0.0371357
192.15	-0.206695	0.0377636
192.36	-0.168572	0.0377886
192.57	-0.122934	0.0372156
192.78	-0.07178	0.0361617
192.99	-0.0173526	0.0348315
193.2	0.0379544	0.0334751
193.41	0.0917037	0.0323406
193.62	0.141522	0.031631
193.83	0.185203	0.031475
194.04	0.220809	0.0319102
194.25	0.246752	0.0328796
194.46	0.261868	0.0342387
194.67	0.265467	0.0357738
194.88	0.257366	0.0372331
195.09	0.237899	0.0383685
195.3	0.207899	0.038983
195.51	0.168668	0.0389721
195.72	0.121917	0.0383476
195.93	0.0696904	0.0372368
196.14	0.014281	0.0358552
196.35	-0.0418744	0.0344624
196.56	-0.0963012	0.0333125
196.77	-0.146595	0.0326111
196.98	-0.19053	0.0324852
197.19	-0.226155	0.032968
197.4	-0.251881	0.0339955
197.61	-0.266553	0.0354141
197.82	-0.269501	0.0370005
198.03	-0.260571	0.0384941
198.24	-0.24013	0.0396402
198.45	-0.209057	0.0402396
198.66	-0.168699	0.0401905
198.87	-0.120816	0.0395122
199.08	-0.0675053	0.0383427
199.29	-0.0111054	0.0369088
199.5	0.0459026	0.0354795
199.71	0.101006	0.0343152
199.92	0.151771	0.0336235
200.13	0.195949	0.0335299
200.34	0.231579	0.0340626
200.55	0.257071	0.0351501
200.76	0.271279	0.0366299
200.97	0.273555	0.0382686
201.18	0.263771	0.0397964
201.39	0.242334	0.0409521
201.6	0.210165	0.0415344
201.81	0.168661	0.0414447
202.02	0.119631	0.0407103
202.23	0.0652227	0.0394804
202.44	0.00782377	0.0379931
202.65	-0.0500407	0.0365275
202.86	-0.10582	0.0353497
203.07	-0.15705	0.0346694
203.28	-0.201461	0.0346102
203.49	-0.237081	0.035195
203.7	-0.262321	0.0363448
203.91	-0.276045	0.0378874
204.12	-0.277625	0.0395793
204.33	-0.266964	0.0411412
204.54	-0.244509	0.0423054
204.75	-0.211223	0.0428685
204.96	-0.168552	0.0427357
205.17	-0.118359	0.0419429
205.38	-0.0628403	0.0406506
205.59	-0.00443398	0.0391092
205.8	0.0542905	0.0376072
206.01	0.110744	0.0364171
206.22	0.162432	0.03575
206.43	0.207066	0.0357274
206.64	0.242662	0.0363668
206.85	0.267631	0.0375811
207.06	0.28085	0.0391882
207.27	0.281711	0.0409341
207.48	0.270151	0.0425298
207.69	0.246652	0.0437011
207.9	0.212227	0.0442431
208.11	0.168371	0.0440646
208.32	0.116997	0.0432109
208.53	0.0603559	0.0418544
208.74	0.000933997	0.040258
208.95	-0.0586539	0.0387199
209.16	-0.11578	0.0375184
209.37	-0.167921	0.0368665
209.58	-0.212765	0.0368828
209.79	-0.248321	0.0375792
210	-0.273001	0.0388602
