t	Theta Leapfrog	Energy 
0	0.1
1	0.1
2	0.1	0.00999583
3	-0.1	0.0249958
4	-0.3	0.0496635
5	0.1	0.0849958
6	0.5	0.127417
7	-0.1	0.184996
8	-0.7	0.240158
9	0.1	0.324996
10	0.9	0.38339
11	-0.1	0.504996
12	-1.1	0.551404
13	0.1	0.724996
14	1.3	0.737501
15	-0.1	0.984996
16	-1.5	0.934263
17	0.1	1.285
18	1.7	1.13384
19	-0.1	1.625
20	-1.9	1.32829
21	0.1	2.005
22	2.1	1.50985
23	-0.1	2.425
24	-2.3	1.67128
25	0.1	2.885
26	2.5	1.80614
27	-0.1	3.385
28	-2.7	1.90907
29	0.1	3.925
30	2.9	1.97596
31	-0.1	4.505
32	-3.1	2.00414
33	0.1	5.125
34	3.3	1.99248
35	-0.1	5.785
36	-3.5	1.94146
37	0.1	6.485
38	3.7	1.8531
39	-0.1	7.225
40	-3.9	1.73093
41	0.1	8.005
42	4.1	1.57982
43	-0.1	8.825
44	-4.3	1.4058
45	0.1	9.685
46	4.5	1.2158
47	-0.1	10.585
48	-4.7	1.01739
49	0.1	11.525
50	4.9	0.818488
51	-0.1	12.505
52	-5.1	0.627022
53	0.1	13.525
54	5.3	0.450626
55	-0.1	14.585
56	-5.5	0.29633
57	0.1	15.685
58	5.7	0.170287
59	-0.1	16.825
60	-5.9	0.0775216
61	0.1	18.005
62	6.1	0.0217316
63	-0.1	19.225
64	-6.3	0.00514136
65	0.1	20.485
66	6.5	0.0284124
67	-0.1	21.785
68	-6.7	0.0906169
69	0.1	23.125
70	6.9	0.189275
71	-0.1	24.505
72	-7.1	0.320453
73	0.1	25.925
74	7.3	0.478922
75	-0.1	27.385
76	-7.5	0.658365
77	0.1	28.885
78	7.7	0.851626
79	-0.1	30.425
80	-7.9	1.051
81	0.1	32.005
82	8.1	1.24854
83	-0.1	33.625
84	-8.3	1.43638
85	0.1	35.285
86	8.5	1.60701
87	-0.1	36.985
88	-8.7	1.75365
89	0.1	38.725
90	8.9	1.87044
91	-0.1	40.505
92	-9.1	1.95272
93	0.1	42.325
94	9.3	1.99723
95	-0.1	44.185
96	-9.5	2.00217
97	0.1	46.085
98	9.7	1.96736
99	-0.1	48.025
100	-9.9	1.89419
101	0.1	50.005
102	10.1	1.78557
103	-0.1	52.025
104	-10.3	1.64583
105	0.1	54.085
106	10.5	1.48054
107	-0.1	56.185
108	-10.7	1.29629
109	0.1	58.325
110	10.9	1.10043
111	-0.1	60.505
112	-11.1	0.900764
113	0.1	62.725
114	11.3	0.705255
115	-0.1	64.985
116	-11.5	0.521695
117	0.1	67.285
118	11.7	0.357404
119	-0.1	69.625
120	-11.9	0.21893
121	0.1	72.005
122	12.1	0.111794
123	-0.1	74.425
124	-12.3	0.0402674
125	0.1	76.885
126	12.5	0.00720172
127	-0.1	79.385
128	-12.7	0.0139151
129	0.1	81.925
130	12.9	0.06014
131	-0.1	84.505
132	-13.1	0.144033
133	0.1	87.125
134	13.3	0.262251
135	-0.1	89.785
136	-13.5	0.410079
137	0.1	92.485
138	13.7	0.581625
139	-0.1	95.225
140	-13.9	0.77005
141	0.1	98.005
142	14.1	0.967842
143	-0.1	100.825
144	-14.3	1.16711
145	0.1	103.685
146	14.5	1.35992
147	-0.1	106.585
148	-14.7	1.53858
149	0.1	109.525
150	14.9	1.69597
151	-0.1	112.505
152	-15.1	1.82581
153	0.1	115.525
154	15.3	1.92293
155	-0.1	118.585
156	-15.5	1.98345
157	0.1	121.685
158	15.7	2.00497
159	-0.1	124.825
160	-15.9	1.98662
161	0.1	128.005
162	16.1	1.92913
163	-0.1	131.225
164	-16.3	1.83481
165	0.1	134.485
166	16.5	1.7074
167	-0.1	137.785
168	-16.7	1.55199
169	0.1	141.125
170	16.9	1.37477
171	-0.1	144.505
172	-17.1	1.18281
173	0.1	147.925
174	17.3	0.983761
175	-0.1	151.385
176	-17.5	0.78556
177	0.1	154.885
178	17.7	0.596107
179	-0.1	158.425
180	-17.9	0.422956
181	0.1	162.005
182	18.1	0.273009
183	-0.1	165.625
184	-18.3	0.152243
185	0.1	169.285
186	18.5	0.0654751
187	-0.1	172.985
188	-18.7	0.0161627
189	0.1	176.725
190	18.9	0.00627203
191	-0.1	180.505
192	-19.1	0.0361975
193	0.1	184.325
194	19.3	0.104746
195	-0.1	188.185
196	-19.5	0.209185
197	0.1	192.085
198	19.7	0.345351
199	-0.1	196.025
200	-19.9	0.507814
201	0.1	200.005
202	20.1	0.690099
203	-0.1	204.025
204	-20.3	0.884938
205	0.1	208.085
206	20.5	1.08456
207	-0.1	212.185
208	-20.7	1.28102
209	0.1	216.325
210	20.9	1.46647
211	-0.1	220.505
212	-21.1	1.63352
213	0.1	224.725
214	21.3	1.77551
215	-0.1	228.985
216	-21.5	1.88679
217	0.1	233.285
218	21.7	1.96291
219	-0.1	237.625
220	-21.9	2.00085
221	0.1	242.005
222	22.1	1.99908
223	-0.1	246.425
224	-22.3	1.95768
225	0.1	250.885
226	22.5	1.8783
227	-0.1	255.385
228	-22.7	1.76411
229	0.1	259.925
230	22.9	1.61965
231	-0.1	264.505
232	-23.1	1.45069
233	0.1	269.125
234	23.3	1.26396
235	-0.1	273.785
236	-23.5	1.06691
237	0.1	278.485
238	23.7	0.867383
239	-0.1	283.225
240	-23.9	0.673347
241	0.1	288.005
242	24.1	0.492533
243	-0.1	292.825
244	-24.3	0.33215
245	0.1	297.685
246	24.5	0.198591
247	-0.1	302.585
248	-24.7	0.0971804
249	0.1	307.525
250	24.9	0.0319622
251	-0.1	312.505
252	-25.1	0.00553595
253	0.1	317.525
254	25.3	0.0189552
255	-0.1	322.585
256	-25.5	0.0716849
257	0.1	327.685
258	25.7	0.161623
259	-0.1	332.825
260	-25.9	0.285184
261	0.1	338.005
262	26.1	0.437441
263	-0.1	343.225
264	-26.3	0.612326
265	0.1	348.485
266	26.5	0.802865
267	-0.1	353.785
268	-26.7	1.00146
269	0.1	359.125
270	26.9	1.2002
271	-0.1	364.505
272	-27.1	1.39116
273	0.1	369.925
274	27.3	1.56672
275	-0.1	375.385
276	-27.5	1.71989
277	0.1	380.885
278	27.7	1.84455
279	-0.1	386.425
280	-27.9	1.93575
281	0.1	392.005
282	28.1	1.98984
283	-0.1	397.625
284	-28.3	2.00467
285	0.1	403.285
286	28.5	1.97965
287	-0.1	408.985
288	-28.7	1.91576
289	0.1	414.725
290	28.9	1.81557
291	-0.1	420.505
292	-29.1	1.68307
293	0.1	426.325
294	29.3	1.52353
295	-0.1	432.185
296	-29.5	1.34332
297	0.1	438.085
298	29.7	1.14962
299	-0.1	444.025
300	-29.9	0.950158
301	0.1	450.005
302	30.1	0.752881
303	-0.1	456.025
304	-30.3	0.565655
305	0.1	462.085
306	30.5	0.395944
307	-0.1	468.185
308	-30.7	0.250515
309	0.1	474.325
310	30.9	0.135164
311	-0.1	480.505
312	-31.1	0.0544911
313	0.1	486.725
314	31.3	0.011712
315	-0.1	492.985
316	-31.5	0.00853209
317	0.1	499.285
318	31.7	0.0450783
319	-0.1	505.625
320	-31.9	0.119893
321	0.1	512.005
322	32.1	0.229995
323	-0.1	518.425
324	-32.3	0.370994
325	0.1	524.885
326	32.5	0.537268
327	-0.1	531.385
328	-32.7	0.72219
329	0.1	537.925
330	32.9	0.918386
331	-0.1	544.505
332	-33.1	1.11804
333	0.1	551.125
334	33.3	1.31318
335	-0.1	557.785
336	-33.5	1.49603
337	0.1	564.485
338	33.7	1.65932
339	-0.1	571.225
340	-33.9	1.79651
341	0.1	578.005
342	34.1	1.90215
343	-0.1	584.825
344	-34.3	1.97202
345	0.1	591.685
346	34.5	2.00335
347	-0.1	598.585
348	-34.7	1.99487
349	0.1	605.525
350	34.9	1.94692
351	-0.1	612.505
352	-35.1	1.86143
353	0.1	619.525
354	35.3	1.74179
355	-0.1	626.585
356	-35.5	1.59278
357	0.1	633.685
358	35.7	1.42034
359	-0.1	640.825
360	-35.9	1.23134
361	0.1	648.005
362	36.1	1.03331
363	-0.1	655.225
364	-36.3	0.834158
365	0.1	662.485
366	36.5	0.641815
367	-0.1	669.785
368	-36.7	0.463951
369	0.1	677.125
370	36.9	0.307656
371	-0.1	684.505
372	-37.1	0.179163
373	0.1	691.925
374	37.3	0.0835935
375	-0.1	699.385
376	-37.5	0.0247574
377	0.1	706.885
378	37.7	0.00500039
379	-0.1	714.425
380	-37.9	0.0251103
381	0.1	722.005
382	38.1	0.0842852
383	-0.1	729.625
384	-38.3	0.180166
385	0.1	737.285
386	38.5	0.308931
387	-0.1	744.985
388	-38.7	0.465445
389	0.1	752.725
390	38.9	0.64347
391	-0.1	760.505
392	-39.1	0.835908
393	0.1	768.325
394	39.3	1.03509
395	-0.1	776.185
396	-39.5	1.23307
397	0.1	784.085
398	39.7	1.42195
399	-0.1	792.025
400	-39.9	1.59422
401	0.1	800.005
402	40.1	1.74299
403	-0.1	808.025
404	-40.3	1.86235
405	0.1	816.085
406	40.5	1.94752
407	-0.1	824.185
408	-40.7	1.99512
409	0.1	832.325
410	40.9	2.00324
411	-0.1	840.505
412	-41.1	1.97157
413	0.1	848.725
414	41.3	1.90137
415	-0.1	856.985
416	-41.5	1.79542
417	0.1	865.285
418	41.7	1.65797
419	-0.1	873.625
420	-41.9	1.49449
421	0.1	882.005
422	42.1	1.31149
423	-0.1	890.425
424	-42.3	1.11627
425	0.1	898.885
426	42.5	0.916616
427	-0.1	907.385
428	-42.7	0.720486
429	0.1	915.925
430	42.9	0.535699
431	-0.1	924.505
432	-43.1	0.369621
433	0.1	933.125
434	43.3	0.228874
435	-0.1	941.785
436	-43.5	0.119068
437	0.1	950.485
438	43.7	0.0445819
439	-0.1	959.225
440	-43.9	0.0083845
441	0.1	968.005
442	44.1	0.011919
443	-0.1	976.825
444	-44.3	0.0550445
445	0.1	985.685
446	44.5	0.136042
447	-0.1	994.585
448	-44.7	0.251682
449	0.1	1003.52
450	44.9	0.397354
451	-0.1	1012.5
452	-45.1	0.567251
453	0.1	1021.52
454	45.3	0.7546
455	-0.1	1030.58
456	-45.5	0.951931
457	0.1	1039.68
458	45.7	1.15138
459	-0.1	1048.82
460	-45.9	1.34499
461	0.1	1058
462	46.1	1.52505
463	-0.1	1067.22
464	-46.3	1.68437
465	0.1	1076.48
466	46.5	1.81661
467	-0.1	1085.78
468	-46.7	1.9165
469	0.1	1095.12
470	46.9	1.98004
471	-0.1	1104.5
472	-47.1	2.00471
473	0.1	1113.92
474	47.3	1.98953
475	-0.1	1123.38
476	-47.5	1.9351
477	0.1	1132.88
478	47.7	1.84359
479	-0.1	1142.42
480	-47.9	1.71864
481	0.1	1152
482	48.1	1.56525
483	-0.1	1161.62
484	-48.3	1.38952
485	0.1	1171.28
486	48.5	1.19846
487	-0.1	1180.98
488	-48.7	0.999686
489	0.1	1190.72
490	48.9	0.801126
491	-0.1	1200.5
492	-49.1	0.610693
493	0.1	1210.32
494	49.3	0.43598
495	-0.1	1220.18
496	-49.5	0.283952
497	0.1	1230.08
498	49.7	0.16067
499	-0.1	1240.02
500	-49.9	0.0710486
501	0.1	1250
502	50.1	0.018661
503	-0.1	1260.02
504	-50.3	0.00559567
505	0.1	1270.08
506	50.5	0.0323734
507	-0.1	1280.18
508	-50.7	0.0979268
509	0.1	1290.32
510	50.9	0.199642
511	-0.1	1300.5
512	-51.1	0.333465
513	0.1	1310.72
514	51.3	0.494059
515	-0.1	1320.98
516	-51.5	0.675023
517	0.1	1331.28
518	51.7	0.869143
519	-0.1	1341.62
520	-51.9	1.06868
521	0.1	1352
522	52.1	1.26567
523	-0.1	1362.42
524	-52.3	1.45228
525	0.1	1372.88
526	52.5	1.62105
527	-0.1	1383.38
528	-52.7	1.76527
529	0.1	1393.92
530	52.9	1.87917
531	-0.1	1404.5
532	-53.1	1.95822
533	0.1	1415.12
534	53.3	1.99927
535	-0.1	1425.78
536	-53.5	2.00069
537	0.1	1436.48
538	53.7	1.9624
539	-0.1	1447.22
540	-53.9	1.88595
541	0.1	1458
542	54.1	1.77438
543	-0.1	1468.82
544	-54.3	1.63214
545	0.1	1479.68
546	54.5	1.46489
547	-0.1	1490.58
548	-54.7	1.27931
549	0.1	1501.52
550	54.9	1.08279
551	-0.1	1512.5
552	-55.1	0.883175
553	0.1	1523.52
554	55.3	0.688414
555	-0.1	1534.58
556	-55.5	0.506274
557	0.1	1545.68
558	55.7	0.344017
559	-0.1	1556.82
560	-55.9	0.208111
561	0.1	1568
562	56.1	0.103974
563	-0.1	1579.22
564	-56.3	0.0357588
565	0.1	1590.48
566	56.5	0.00618404
567	-0.1	1601.78
568	-56.7	0.0164289
569	0.1	1613.12
570	56.9	0.0660849
571	-0.1	1624.5
572	-57.1	0.153173
573	0.1	1635.92
574	57.3	0.27422
575	-0.1	1647.38
576	-57.5	0.424401
577	0.1	1658.88
578	57.7	0.597729
579	-0.1	1670.42
580	-57.9	0.787293
581	0.1	1682
582	58.1	0.985537
583	-0.1	1693.62
584	-58.3	1.18456
585	0.1	1705.28
586	58.5	1.37642
587	-0.1	1716.98
588	-58.7	1.55347
589	0.1	1728.72
590	58.9	1.70866
591	-0.1	1740.5
592	-59.1	1.8358
593	0.1	1752.32
594	59.3	1.92981
595	-0.1	1764.18
596	-59.5	1.98696
597	0.1	1776.08
598	59.7	2.00495
599	-0.1	1788.02
600	-59.9	1.98309
601	0.1	1800
602	60.1	1.92222
603	-0.1	1812.02
604	-60.3	1.8248
605	0.1	1824.08
606	60.5	1.69469
607	-0.1	1836.18
608	-60.7	1.53708
609	0.1	1848.32
610	60.9	1.35826
611	-0.1	1860.5
612	-61.1	1.16536
613	0.1	1872.72
614	61.3	0.966067
615	-0.1	1884.98
616	-61.5	0.768324
617	0.1	1897.28
618	61.7	0.580017
619	-0.1	1909.62
620	-61.9	0.408653
621	0.1	1922
622	62.1	0.261063
623	-0.1	1934.42
624	-62.3	0.143131
625	0.1	1946.88
626	62.5	0.0595598
627	-0.1	1959.38
628	-62.7	0.01368
629	0.1	1971.92
630	62.9	0.0073211
631	-0.1	1984.5
632	-63.1	0.0407365
633	0.1	1997.12
634	63.3	0.112594
635	-0.1	2009.78
636	-63.5	0.220029
637	0.1	2022.48
638	63.7	0.358758
639	-0.1	2035.22
640	-63.9	0.523251
641	0.1	2048
642	64.1	0.70695
643	-0.1	2060.82
644	-64.3	0.902531
645	0.1	2073.68
646	64.5	1.1022
647	-0.1	2086.58
648	-64.7	1.29799
649	0.1	2099.52
650	64.9	1.4821
651	-0.1	2112.5
652	-65.1	1.64719
653	0.1	2125.52
654	65.3	1.78668
655	-0.1	2138.58
656	-65.5	1.895
657	0.1	2151.68
658	65.7	1.96785
659	-0.1	2164.82
660	-65.9	2.0023
661	0.1	2178
662	66.1	1.997
663	-0.1	2191.22
664	-66.3	1.95215
665	0.1	2204.48
666	66.5	1.86954
667	-0.1	2217.78
668	-66.7	1.75247
669	0.1	2231.12
670	66.9	1.60559
671	-0.1	2244.5
672	-67.1	1.43477
673	0.1	2257.92
674	67.3	1.24682
675	-0.1	2271.38
676	-67.5	1.04923
677	0.1	2284.88
678	67.7	0.849871
679	-0.1	2298.42
680	-67.9	0.656699
681	0.1	2312
682	68.1	0.477413
683	-0.1	2325.62
684	-68.3	0.31916
685	0.1	2339.28
686	68.5	0.188249
687	-0.1	2352.98
688	-68.7	0.0898992
689	0.1	2366.72
690	68.9	0.0280318
691	-0.1	2380.5
692	-69.1	0.00511307
693	0.1	2394.32
694	69.3	0.0220567
695	-0.1	2408.18
696	-69.5	0.0781872
697	0.1	2422.08
698	69.7	0.171267
699	-0.1	2436.02
700	-69.9	0.297585
701	0.1	2450
702	70.1	0.452105
703	-0.1	2464.02
704	-70.3	0.628667
705	0.1	2478.08
706	70.5	0.820233
707	-0.1	2492.18
708	-70.7	1.01916
709	0.1	2506.32
710	70.9	1.21753
711	-0.1	2520.5
712	-71.1	1.40743
713	0.1	2534.72
714	71.3	1.58128
715	-0.1	2548.98
716	-71.5	1.73215
717	0.1	2563.28
718	71.7	1.85404
719	-0.1	2577.62
720	-71.9	1.94208
721	0.1	2592
722	72.1	1.99276
723	-0.1	2606.42
724	-72.3	2.00406
725	0.1	2620.88
726	72.5	1.97553
727	-0.1	2635.38
728	-72.7	1.90831
729	0.1	2649.92
730	72.9	1.80508
731	-0.1	2664.5
732	-73.1	1.66995
733	0.1	2679.12
734	73.3	1.50831
735	-0.1	2693.78
736	-73.5	1.32661
737	0.1	2708.48
738	73.7	1.13208
739	-0.1	2723.22
740	-73.9	0.932491
741	0.1	2738
742	74.1	0.73579
743	-0.1	2752.82
744	-74.3	0.549822
745	0.1	2767.68
746	74.5	0.382
747	-0.1	2782.58
748	-74.7	0.239015
749	0.1	2797.52
750	74.9	0.126567
751	-0.1	2812.5
752	-75.1	0.0491401
753	0.1	2827.52
754	75.3	0.00982007
755	-0.1	2842.58
756	-75.5	0.0101747
757	0.1	2857.68
758	75.7	0.05019
759	-0.1	2872.82
760	-75.9	0.12827
761	0.1	2888
762	76.1	0.241303
763	-0.1	2903.22
764	-76.3	0.384782
765	0.1	2918.48
766	76.5	0.552988
767	-0.1	2933.78
768	-76.7	0.739213
769	0.1	2949.12
770	76.9	0.936035
771	-0.1	2964.5
772	-77.1	1.13561
773	0.1	2979.92
774	77.3	1.32997
775	-0.1	2995.38
776	-77.5	1.51138
777	0.1	3010.88
778	77.7	1.6726
779	-0.1	3026.42
780	-77.9	1.80721
781	0.1	3042
782	78.1	1.90983
783	-0.1	3057.62
784	-78.3	1.97638
785	0.1	3073.28
786	78.5	2.00421
787	-0.1	3088.98
788	-78.7	1.9922
789	0.1	3104.72
790	78.9	1.94083
791	-0.1	3120.5
792	-79.1	1.85216
793	0.1	3136.32
794	79.3	1.72971
795	-0.1	3152.18
796	-79.5	1.57837
797	0.1	3168.08
798	79.7	1.40417
799	-0.1	3184.02
800	-79.9	1.21406
801	0.1	3200
802	80.1	1.01561
803	-0.1	3216.02
804	-80.3	0.816743
805	0.1	3232.08
806	80.5	0.625378
807	-0.1	3248.18
808	-80.7	0.449148
809	0.1	3264.32
810	80.9	0.295078
811	-0.1	3280.5
812	-81.1	0.16931
813	0.1	3296.72
814	81.3	0.0768589
815	-0.1	3312.98
816	-81.5	0.0214095
817	0.1	3329.28
818	81.7	0.00517281
819	-0.1	3345.62
820	-81.9	0.028796
821	0.1	3362
822	82.1	0.0913374
823	-0.1	3378.42
824	-82.3	0.190304
825	0.1	3394.88
826	82.5	0.321749
827	-0.1	3411.38
828	-82.7	0.480434
829	0.1	3427.92
830	82.9	0.660031
831	-0.1	3444.5
832	-83.1	0.853382
833	0.1	3461.12
834	83.3	1.05278
835	-0.1	3477.78
836	-83.5	1.25027
837	0.1	3494.48
838	83.7	1.43798
839	-0.1	3511.22
840	-83.9	1.60843
841	0.1	3528
842	84.1	1.75482
843	-0.1	3544.82
844	-84.3	1.87132
845	0.1	3561.68
846	84.5	1.95329
847	-0.1	3578.58
848	-84.7	1.99744
849	0.1	3595.52
850	84.9	2.00204
851	-0.1	3612.5
852	-85.1	1.96688
853	0.1	3629.52
854	85.3	1.89338
855	-0.1	3646.58
856	-85.5	1.78446
857	0.1	3663.68
858	85.7	1.64446
859	-0.1	3680.82
860	-85.9	1.47897
861	0.1	3698
862	86.1	1.29459
863	-0.1	3715.22
864	-86.3	1.09866
865	0.1	3732.48
866	86.5	0.898998
867	-0.1	3749.78
868	-86.7	0.70356
869	0.1	3767.12
870	86.9	0.520141
871	-0.1	3784.5
872	-87.1	0.356051
873	0.1	3801.92
874	87.3	0.217833
875	-0.1	3819.38
876	-87.5	0.110997
877	0.1	3836.88
878	87.7	0.0398013
879	-0.1	3854.42
880	-87.9	0.00708549
881	0.1	3872
882	88.1	0.0141534
883	-0.1	3889.62
884	-88.3	0.0607231
885	0.1	3907.28
886	88.5	0.144938
887	-0.1	3924.98
888	-88.7	0.263441
889	0.1	3942.72
890	88.9	0.411508
891	-0.1	3960.5
892	-89.1	0.583235
893	0.1	3978.32
894	89.3	0.771777
895	-0.1	3996.18
896	-89.5	0.969617
897	0.1	4014.08
898	89.7	1.16887
899	-0.1	4032.02
900	-89.9	1.36158
901	0.1	4050
902	90.1	1.54009
903	-0.1	4068.02
904	-90.3	1.69726
905	0.1	4086.08
906	90.5	1.82683
907	-0.1	4104.18
908	-90.7	1.92363
909	0.1	4122.32
910	90.9	1.98382
911	-0.1	4140.5
912	-91.1	2.00498
913	0.1	4158.72
914	91.3	1.98628
915	-0.1	4176.98
916	-91.5	1.92845
917	0.1	4195.28
918	91.7	1.83381
919	-0.1	4213.62
920	-91.9	1.70613
921	0.1	4232
922	92.1	1.5505
923	-0.1	4250.42
924	-92.3	1.37312
925	0.1	4268.88
926	92.5	1.18106
927	-0.1	4287.38
928	-92.7	0.981985
929	0.1	4305.92
930	92.9	0.783827
931	-0.1	4324.5
932	-93.1	0.594487
933	0.1	4343.12
934	93.3	0.421512
935	-0.1	4361.78
936	-93.5	0.271799
937	0.1	4380.48
938	93.7	0.151317
939	-0.1	4399.22
940	-93.9	0.0648682
941	0.1	4418
942	94.1	0.0158995
943	-0.1	4436.82
944	-94.3	0.00636317
945	0.1	4455.68
946	94.5	0.0366393
947	-0.1	4474.58
948	-94.7	0.105521
949	0.1	4493.52
950	94.9	0.210262
951	-0.1	4512.5
952	-95.1	0.346687
953	0.1	4531.52
954	95.3	0.509356
955	-0.1	4550.58
956	-95.5	0.691786
957	0.1	4569.68
958	95.7	0.886702
959	-0.1	4588.82
960	-95.9	1.08633
961	0.1	4608
962	96.1	1.28272
963	-0.1	4627.22
964	-96.3	1.46804
965	0.1	4646.48
966	96.5	1.6349
967	-0.1	4665.78
968	-96.7	1.77665
969	0.1	4685.12
970	96.9	1.88763
971	-0.1	4704.5
972	-97.1	1.96342
973	0.1	4723.92
974	97.3	2.00101
975	-0.1	4743.38
976	-97.5	1.99889
977	0.1	4762.88
978	97.7	1.95714
979	-0.1	4782.42
980	-97.9	1.87744
981	0.1	4802
982	98.1	1.76295
983	-0.1	4821.62
984	-98.3	1.61825
985	0.1	4841.28
986	98.5	1.4491
987	-0.1	4860.98
988	-98.7	1.26224
989	0.1	4880.72
990	98.9	1.06513
991	-0.1	4900.5
992	-99.1	0.865624
993	0.1	4920.32
994	99.3	0.671672
995	-0.1	4940.18
996	-99.5	0.491009
997	0.1	4960.08
998	99.7	0.330837
999	-0.1	4980.02
1000	-99.9	0.197541
