-2.30259	-4.78069
-2.32279	-4.79694
-2.34299	-4.82936
-2.36319	-4.8621
-2.3834	-4.89511
-2.4036	-4.92838
-2.4238	-4.96187
-2.444	-4.98256
-2.46421	-5.01678
-2.48441	-5.05115
-2.50461	-5.07365
-2.52481	-5.10857
-2.54502	-5.13222
-2.56522	-5.15653
-2.58542	-5.19221
-2.60563	-5.21744
-2.62583	-5.24323
-2.64603	-5.27945
-2.66623	-5.30597
-2.68644	-5.33294
-2.70664	-5.36034
-2.72684	-5.38813
-2.74704	-5.41629
-2.76725	-5.43631
-2.78745	-5.46534
-2.80765	-5.49466
-2.82786	-5.51639
-2.84806	-5.5464
-2.86826	-5.56918
-2.88846	-5.5998
-2.90867	-5.62351
-2.92887	-5.64772
-2.94907	-5.67916
-2.96927	-5.70414
-2.98948	-5.72955
-3.00968	-5.75536
-3.02988	-5.78155
-3.05009	-5.80214
-3.07029	-5.82916
-3.09049	-5.85649
-3.11069	-5.87856
-3.1309	-5.90658
-3.1511	-5.92956
-3.1713	-5.95302
-3.1915	-5.97694
-3.21171	-6.00128
-3.23191	-6.02603
-3.25211	-6.05115
-3.27232	-6.07663
-3.29252	-6.098
-3.31272	-6.12424
-3.33292	-6.14652
-3.35313	-6.17343
-3.37333	-6.19655
-3.39353	-6.22009
-3.41373	-6.24404
-3.43394	-6.26837
-3.45414	-6.28937
-3.47434	-6.31449
-3.49454	-6.3364
-3.51475	-6.35878
-3.53495	-6.38497
-3.55515	-6.40813
-3.57536	-6.42848
-3.59556	-6.45249
-3.61576	-6.47686
-3.63596	-6.49856
-3.65617	-6.52071
-3.67637	-6.5433
-3.69657	-6.5663
-3.71677	-6.58968
-3.73698	-6.61343
-3.75718	-6.63492
-3.77738	-6.65685
-3.79759	-6.68172
-3.81779	-6.70198
-3.83799	-6.72513
-3.85819	-6.74865
-3.8784	-6.77023
-3.8986	-6.79224
-3.9188	-6.81466
-3.939	-6.83747
-3.95921	-6.85856
-3.97941	-6.88215
-3.99961	-6.90406
-4.01982	-6.92638
-4.04002	-6.94717
-4.06022	-6.97029
-4.08042	-6.99192
-4.10063	-7.01396
-4.12083	-7.03463
-4.14103	-7.05748
-4.16123	-7.079
-4.18144	-7.10093
-4.20164	-7.12325
-4.22184	-7.14437
-4.24204	-7.16591
-4.26225	-7.18785
-4.28245	-7.20871
-4.30265	-7.23144
-4.32286	-7.25169
-4.34306	-7.27378
-4.36326	-7.29489
-4.38346	-7.31642
-4.40367	-7.33834
-4.42387	-7.35937
-4.44407	-7.38082
-4.46427	-7.40267
-4.48448	-7.4237
-4.50468	-7.44514
-4.52488	-7.46698
-4.54509	-7.48808
-4.56529	-7.50958
-4.58549	-7.5304
-4.60569	-7.55164
-4.6259	-7.57327
-4.6461	-7.59428
-4.6663	-7.61472
-4.6865	-7.63654
-4.70671	-7.65779
-4.72691	-7.67851
-4.74711	-7.69965
-4.76732	-7.7203
-4.78752	-7.74136
-4.80772	-7.76282
-4.82792	-7.78383
-4.84813	-7.80443
-4.86833	-7.82544
-4.88853	-7.84685
-4.90873	-7.86788
-4.92894	-7.88855
-4.94914	-7.90963
-4.96934	-7.93039
-4.98955	-7.95155
-5.00975	-7.97242
-5.02995	-7.993
-5.05015	-8.014
-5.07036	-8.03474
-5.09056	-8.05589
-5.11076	-8.0768
-5.13096	-8.0975
-5.15117	-8.11801
-5.17137	-8.13893
-5.19157	-8.15967
-5.21177	-8.18025
-5.23198	-8.20123
-5.25218	-8.22207
-5.27238	-8.24278
-5.29259	-8.26338
-5.31279	-8.28387
-5.33299	-8.30477
-5.35319	-8.32558
-5.3734	-8.3463
-5.3936	-8.36696
-5.4138	-8.38757
-5.434	-8.40813
-5.45421	-8.42865
-5.47441	-8.44916
-5.49461	-8.47006
-5.51482	-8.49054
-5.53502	-8.51101
-5.55522	-8.53189
-5.57542	-8.55239
-5.59563	-8.57291
-5.61583	-8.59347
-5.63603	-8.61406
-5.65623	-8.63469
-5.67644	-8.65502
-5.69664	-8.67577
-5.71684	-8.69623
-5.73705	-8.71677
-5.75725	-8.73739
-5.77745	-8.75777
-5.79765	-8.77826
-5.81786	-8.79884
-5.83806	-8.81923
-5.85826	-8.83973
-5.87846	-8.86034
-5.89867	-8.8808
-5.91887	-8.90138
-5.93907	-8.92183
-5.95928	-8.94215
-5.97948	-8.96262
-5.99968	-8.98324
-6.01988	-9.00352
-6.04009	-9.02396
-6.06029	-9.04457
-6.08049	-9.06487
-6.10069	-9.08535
-6.1209	-9.10579
-6.1411	-9.12619
-6.1613	-9.14657
-6.1815	-9.16693
-6.20171	-9.18748
-6.22191	-9.20783
-6.24211	-9.22819
-6.26232	-9.24856
-6.28252	-9.26896
-6.30272	-9.28939
-6.32292	-9.30985
-6.34313	-9.33018
-6.36333	-9.35056
-6.38353	-9.37083
-6.40373	-9.39134
-6.42394	-9.41159
-6.44414	-9.43192
-6.46434	-9.45234
-6.48455	-9.4727
-6.50475	-9.493
-6.52495	-9.51341
-6.54515	-9.53379
-6.56536	-9.55413
-6.58556	-9.57446
-6.60576	-9.59478
-6.62596	-9.6151
-6.64617	-9.63543
-6.66637	-9.65578
-6.68657	-9.67615
-6.70678	-9.69642
-6.72698	-9.71674
-6.74718	-9.7371
-6.76738	-9.7574
-6.78759	-9.77776
-6.80779	-9.79807
-6.82799	-9.81834
-6.84819	-9.8387
-6.8684	-9.85893
-6.8886	-9.87926
-6.9088	-9.89958
-6.92901	-9.91991
-6.94921	-9.94016
-6.96941	-9.96053
-6.98961	-9.98074
-7.00982	-10.0011
-7.03002	-10.0214
-7.05022	-10.0416
-7.07042	-10.0619
-7.09063	-10.0822
-7.11083	-10.1025
-7.13103	-10.1228
-7.15123	-10.1431
-7.17144	-10.1633
-7.19164	-10.1837
-7.21184	-10.2039
-7.23205	-10.2242
-7.25225	-10.2445
-7.27245	-10.2648
-7.29265	-10.285
-7.31286	-10.3053
-7.33306	-10.3256
-7.35326	-10.3458
-7.37346	-10.3661
-7.39367	-10.3864
-7.41387	-10.4066
-7.43407	-10.4269
-7.45428	-10.4471
-7.47448	-10.4674
-7.49468	-10.4877
-7.51488	-10.5079
-7.53509	-10.5282
-7.55529	-10.5484
-7.57549	-10.5687
-7.59569	-10.5889
-7.6159	-10.6092
-7.6361	-10.6294
-7.6563	-10.6497
-7.67651	-10.67
-7.69671	-10.6902
-7.71691	-10.7104
-7.73711	-10.7307
-7.75732	-10.7509
-7.77752	-10.7712
-7.79772	-10.7914
-7.81792	-10.8117
-7.83813	-10.8319
-7.85833	-10.8522
-7.87853	-10.8724
-7.89874	-10.8926
-7.91894	-10.9129
-7.93914	-10.9331
-7.95934	-10.9534
-7.97955	-10.9736
-7.99975	-10.9938
-8.01995	-11.014
-8.04015	-11.0343
-8.06036	-11.0545
-8.08056	-11.0748
-8.10076	-11.095
-8.12096	-11.1152
-8.14117	-11.1354
-8.16137	-11.1557
-8.18157	-11.1759
-8.20178	-11.1961
-8.22198	-11.2164
-8.24218	-11.2366
-8.26238	-11.2568
-8.28259	-11.2771
-8.30279	-11.2973
-8.32299	-11.3175
-8.34319	-11.3378
-8.3634	-11.358
-8.3836	-11.3782
-8.4038	-11.3984
-8.42401	-11.4186
-8.44421	-11.4389
-8.46441	-11.4591
-8.48461	-11.4793
-8.50482	-11.4996
-8.52502	-11.5198
-8.54522	-11.54
-8.56542	-11.5602
-8.58563	-11.5804
-8.60583	-11.6006
-8.62603	-11.6209
-8.64624	-11.6411
-8.66644	-11.6613
-8.68664	-11.6815
-8.70684	-11.7018
-8.72705	-11.722
-8.74725	-11.7422
-8.76745	-11.7624
-8.78765	-11.7826
-8.80786	-11.8029
-8.82806	-11.8231
-8.84826	-11.8433
-8.86846	-11.8635
-8.88867	-11.8837
-8.90887	-11.9039
-8.92907	-11.9242
-8.94928	-11.9444
-8.96948	-11.9646
-8.98968	-11.9848
-9.00988	-12.005
-9.03009	-12.0252
-9.05029	-12.0454
-9.07049	-12.0656
-9.09069	-12.0859
-9.1109	-12.1061
-9.1311	-12.1263
-9.1513	-12.1465
-9.17151	-12.1667
-9.19171	-12.1869
-9.21191	-12.2071
-9.23211	-12.2274
-9.25232	-12.2476
-9.27252	-12.2678
-9.29272	-12.288
-9.31292	-12.3082
-9.33313	-12.3284
-9.35333	-12.3486
-9.37353	-12.3688
-9.39374	-12.3891
-9.41394	-12.4093
-9.43414	-12.4295
-9.45434	-12.4497
-9.47455	-12.4699
-9.49475	-12.4901
-9.51495	-12.5103
-9.53515	-12.5305
-9.55536	-12.5507
-9.57556	-12.5709
-9.59576	-12.5912
-9.61597	-12.6114
-9.63617	-12.6316
-9.65637	-12.6518
-9.67657	-12.672
-9.69678	-12.6922
-9.71698	-12.7124
-9.73718	-12.7326
-9.75738	-12.7528
-9.77759	-12.773
-9.79779	-12.7932
-9.81799	-12.8135
-9.83819	-12.8337
-9.8584	-12.8539
-9.8786	-12.8741
-9.8988	-12.8943
-9.91901	-12.9145
-9.93921	-12.9347
-9.95941	-12.9549
-9.97961	-12.9751
-9.99982	-12.9953
-10.02	-13.0155
-10.0402	-13.0357
-10.0604	-13.0559
-10.0806	-13.0762
-10.1008	-13.0964
-10.121	-13.1166
-10.1412	-13.1368
-10.1614	-13.157
-10.1816	-13.1772
-10.2018	-13.1974
-10.222	-13.2176
-10.2422	-13.2378
-10.2625	-13.258
-10.2827	-13.2782
-10.3029	-13.2984
-10.3231	-13.3186
-10.3433	-13.3388
-10.3635	-13.359
-10.3837	-13.3792
-10.4039	-13.3995
-10.4241	-13.4197
-10.4443	-13.4399
-10.4645	-13.4601
-10.4847	-13.4803
-10.5049	-13.5005
-10.5251	-13.5207
-10.5453	-13.5409
-10.5655	-13.5611
-10.5857	-13.5813
-10.6059	-13.6015
-10.6261	-13.6217
-10.6463	-13.6419
-10.6665	-13.6621
-10.6867	-13.6823
-10.7069	-13.7025
-10.7271	-13.7227
-10.7473	-13.7429
-10.7675	-13.7631
-10.7877	-13.7834
-10.8079	-13.8036
-10.8281	-13.8238
-10.8483	-13.844
-10.8685	-13.8642
-10.8887	-13.8844
-10.9089	-13.9046
-10.9291	-13.9248
-10.9493	-13.945
-10.9695	-13.9652
-10.9897	-13.9854
-11.01	-14.0056
-11.0302	-14.0258
-11.0504	-14.046
-11.0706	-14.0662
-11.0908	-14.0864
-11.111	-14.1066
-11.1312	-14.1268
-11.1514	-14.147
-11.1716	-14.1672
-11.1918	-14.1874
-11.212	-14.2076
-11.2322	-14.2278
-11.2524	-14.2481
-11.2726	-14.2683
-11.2928	-14.2885
-11.313	-14.3087
-11.3332	-14.3289
-11.3534	-14.3491
-11.3736	-14.3693
-11.3938	-14.3895
-11.414	-14.4097
-11.4342	-14.4299
-11.4544	-14.4501
-11.4746	-14.4703
-11.4948	-14.4905
